1 0.029074428708873147 0.38871133074094333 0.040024538222604586 0.38871133074094333 0.040024538222604586 0.4061643788547835 0.029074428708873147 0.4061643788547835
11 0.1782224720855601 0.232976439878985 0.35342422430526327 0.232976439878985 0.35342422430526327 0.26519745178145915 0.1782224720855601 0.26519745178145915
11 0.17784488210232793 0.2705676204318715 0.24392312916794875 0.2705676204318715 0.24392312916794875 0.30278863233434566 0.17784488210232793 0.30278863233434566
11 0.2458110790841096 0.271238891513172 0.4138386216224022 0.271238891513172 0.4138386216224022 0.3027886323343445 0.2458110790841096 0.3027886323343445
11 0.1782224720855601 0.3068162588221549 0.2571387785810729 0.3068162588221549 0.2571387785810729 0.3403798128872321 0.1782224720855601 0.3403798128872321
11 0.35455699425495957 0.232976439878985 0.41346103163917014 0.232976439878985 0.41346103163917014 0.2645261807001576 0.35455699425495957 0.2645261807001576
11 0.17746729211909573 0.34373616829373965 0.41383862162240204 0.34373616829373965 0.41383862162240204 0.3775234759716561 0.17746729211909573 0.3775234759716561
1 0.029452018692105272 0.49947105915569817 0.039646948239372475 0.49947105915569817 0.039646948239372475 0.5169241072695384 0.029452018692105272 0.5169241072695384
1 0.03020719865856951 0.5377335107898863 0.039269358256140356 0.5377335107898863 0.039269358256140356 0.5551865589037265 0.03020719865856951 0.5551865589037265
1 0.029452018692105272 0.5739821491801697 0.039269358256140356 0.5739821491801697 0.039269358256140356 0.5914351972940096 0.029452018692105272 0.5914351972940096
1 0.18539668176697036 0.7216617870665095 0.19483643134777334 0.7216617870665095 0.19483643134777334 0.7391148351803495 0.18539668176697036 0.7391148351803495
11 0.17784488210232777 0.6766866246193055 0.3930711725446353 0.6766866246193055 0.3930711725446353 0.7102501786843829 0.17784488210232777 0.7102501786843829
11 0.17784488210232652 0.7518689857250771 0.393448762527866 0.7518689857250771 0.393448762527866 0.7840899976275502 0.17784488210232652 0.7840899976275502
11 0.1774672921190956 0.7881176241153619 0.3934487625278674 0.7881176241153619 0.3934487625278674 0.8216811781804394 0.1774672921190956 0.8216811781804394
11 0.17784488210232768 0.8250375335869465 0.3938263525110995 0.8250375335869465 0.3938263525110995 0.8586010876520239 0.17784488210232768 0.8586010876520239
9 0.014348419362820514 0.12351387895948421 0.03511586844058705 0.12351387895948421 0.03511586844058705 0.15976251734976762 0.014348419362820514 0.15976251734976762
9 0.17595693218616734 0.12418515004078574 0.24090240930209184 0.12418515004078574 0.24090240930209184 0.15909124626846607 0.17595693218616734 0.15909124626846607
9 0.24996456889966268 0.12351387895948421 0.3266153354957827 0.12351387895948421 0.3266153354957827 0.15841997518716452 0.24996456889966268 0.15841997518716452
9 0.33454472514365735 0.12284260787818266 0.39193840259493934 0.12284260787818266 0.39193840259493934 0.15774870410586297 0.33454472514365735 0.15774870410586297
9 0.40137815217574224 0.12284260787818266 0.47500819890600543 0.12284260787818266 0.47500819890600543 0.15774870410586297 0.40137815217574224 0.15774870410586297
9 0.48482553847004056 0.12418515004078574 0.5701608746804994 0.12418515004078574 0.5701608746804994 0.15841997518716452 0.48482553847004056 0.15841997518716452
9 0.579978214244534 0.12418515004078574 0.6211355224168351 0.12418515004078574 0.6211355224168351 0.15774870410586292 0.579978214244534 0.15774870410586292
9 0.8693538658016867 0.12284260787818266 0.888988544929757 0.12284260787818266 0.888988544929757 0.15909124626846607 0.8693538658016867 0.15909124626846607
9 0.8995610644602563 0.12351387895948421 0.9191957435883266 0.12351387895948421 0.9191957435883266 0.15774870410586297 0.8995610644602563 0.15774870410586297
9 0.9297682631188259 0.1248564211220873 0.949402942246896 0.1248564211220873 0.949402942246896 0.15774870410586295 0.9297682631188259 0.15774870410586295
9 0.8701090457681508 0.0020138132439046336 0.889366134912989 0.0020138132439046336 0.889366134912989 0.03759118055288649 0.8701090457681508 0.03759118055288649
9 0.8927644447620782 0.0013425421626030892 0.9123991238901484 0.0013425421626030892 0.9123991238901484 0.036919909471584945 0.8927644447620782 0.036919909471584945
2 0.9728135212072874 0.0006712710813015446 0.9932033803018216 0.0006712710813015446 0.9932033803018216 0.03691990947158495 0.9728135212072874 0.03691990947158495
3 0.9263699532697364 3.113138519804154e-19 0.9460046323978065 3.113138519804154e-19 0.9460046323978065 0.036919909471584945 0.9263699532697364 0.036919909471584945
4 0.9494029422468948 0.0013425421626030892 0.9690376213749651 0.0013425421626030892 0.9690376213749651 0.03691990947158493 0.9494029422468948 0.03691990947158493
9 0.03020719865856951 0.006712710813015446 0.09930616559004728 0.006712710813015446 0.09930616559004728 0.031549740821172595 0.03020719865856951 0.031549740821172595
9 0.09968375557327937 0.006041439731713901 0.1329116740977058 0.006041439731713901 0.1329116740977058 0.03222101190247414 0.09968375557327937 0.03222101190247414
9 0.13404444404740218 0.005370168650412357 0.1725586223370783 0.005370168650412357 0.1725586223370783 0.031549740821172595 0.13404444404740218 0.031549740821172595
9 0.17331380230354257 0.006712710813015446 0.22202291014048586 0.006712710813015446 0.22202291014048586 0.03289228298377567 0.17331380230354257 0.03289228298377567
9 0.22391086005664593 0.006041439731713881 0.26053708843016143 0.006041439731713881 0.26053708843016143 0.03311603659661481 0.22391086005664593 0.03311603659661481
5 0.65072926551029 0.5981025334396762 0.6949072935484479 0.5981025334396762 0.6949072935484479 0.6135417683096117 0.65072926551029 0.6135417683096117
6 0.04583333333333333 0.12407407407407404 0.16614583333333333 0.12407407407407404 0.16614583333333333 0.15648148148148144 0.04583333333333333 0.15648148148148144
9 0.7989583333333333 0.0 0.8630208333333333 0.0 0.8630208333333333 0.03611111111111111 0.7989583333333333 0.03611111111111111
9 0.7723958333333333 0.0018518518518518517 0.7932291666666668 0.0018518518518518517 0.7932291666666668 0.03518518518518519 0.7723958333333333 0.03518518518518519
