9 0.005492217937921729 0.051870947191483004 0.02677456244736843 0.051870947191483004 0.02677456244736843 0.09031647275693509 0.005492217937921729 0.09031647275693509
9 0.16888570159109317 0.053701686504123575 0.18913825523717953 0.053701686504123575 0.18913825523717953 0.08909597988184138 0.16888570159109317 0.08909597988184138
9 0.1960035276595817 0.05309144006657671 0.21419649957894746 0.05309144006657671 0.21419649957894746 0.08970622631938822 0.1960035276595817 0.08970622631938822
9 0.21659934492678817 0.05309144006657671 0.23479231684615384 0.05309144006657671 0.23479231684615384 0.08970622631938822 0.21659934492678817 0.08970622631938822
9 0.23685189857287456 0.05370168650412357 0.25470160687112015 0.05370168650412357 0.25470160687112015 0.08970622631938824 0.23685189857287456 0.08970622631938824
9 0.28147616931848857 0.051870947191483004 0.3031017774490554 0.051870947191483004 0.3031017774490554 0.09153696563202882 0.28147616931848857 0.09153696563202882
9 0.41706529966093114 0.0530914400665767 0.4362880624436573 0.0530914400665767 0.4362880624436573 0.09092671919448192 0.41706529966093114 0.09092671919448192
9 0.43800438054925783 0.05309144006657671 0.45757040695310397 0.05309144006657671 0.45757040695310397 0.09153696563202882 0.43800438054925783 0.09153696563202882
9 0.4647789429966256 0.05736316512940473 0.4822853876737511 0.05736316512940473 0.4822853876737511 0.08665499413165392 0.4647789429966256 0.08665499413165392
9 0.48571802388495283 0.05736316512940473 0.5018514140775979 0.05736316512940473 0.5018514140775979 0.08543450125656023 0.48571802388495283 0.08543450125656023
6 0.03226678038529016 0.053701686504123575 0.14623030259716605 0.053701686504123575 0.14623030259716605 0.08238326906882594 0.03226678038529016 0.08238326906882594
9 0.2121369178522268 0.13974643419823063 0.2313596806349528 0.13974643419823063 0.2313596806349528 0.176971466888589 0.2121369178522268 0.176971466888589
9 0.24097106202631585 0.1403566806357775 0.2601938248090419 0.1403566806357775 0.2601938248090419 0.17697146688858903 0.24097106202631585 0.17697146688858903
9 0.26362646102024295 0.1403566806357775 0.2835357510452092 0.1403566806357775 0.2835357510452092 0.17697146688858903 0.26362646102024295 0.17697146688858903
9 0.2862818600141701 0.13974643419823063 0.3048180955546559 0.13974643419823063 0.3048180955546559 0.1757509740134953 0.2862818600141701 0.1757509740134953
9 0.19016804610053983 0.1403566806357775 0.2090475452621458 0.1403566806357775 0.2090475452621458 0.1757509740134953 0.19016804610053983 0.1757509740134953
9 0.30653441366025647 0.14035668063577753 0.39063400083468297 0.14035668063577753 0.39063400083468297 0.17575097401349532 0.30653441366025647 0.17575097401349532
9 0.4132893998286098 0.14279766638596492 0.5100897409844805 0.14279766638596492 0.5100897409844805 0.17656463282635046 0.4132893998286098 0.17656463282635046
9 0.5296557673883265 0.14340791282351187 0.63538096269332 0.14340791282351187 0.63538096269332 0.17717487926389747 0.5296557673883265 0.17717487926389747
9 0.16888570159109317 0.14340791282351179 0.18776520075269906 0.14340791282351179 0.18776520075269906 0.17697146688858903 0.16888570159109317 0.17697146688858903
9 0.008238326906882592 0.09885992288259113 0.03123698952192983 0.09885992288259113 0.03123698952192983 0.12693125900974658 0.008238326906882592 0.12693125900974658
6 0.21522629044230776 0.3032924794607888 0.32266780385290156 0.3032924794607888 0.32266780385290156 0.3301433227128505 0.21522629044230776 0.3301433227128505
9 0.00625 0.4282407407407408 0.024479166666666663 0.4282407407407408 0.024479166666666663 0.45601851851851855 0.00625 0.45601851851851855
9 0.04375 0.43101851851851847 0.06041666666666667 0.43101851851851847 0.06041666666666667 0.4550925925925925 0.04375 0.4550925925925925
9 0.06874999999999999 0.42916666666666664 0.08385416666666666 0.42916666666666664 0.08385416666666666 0.45601851851851855 0.06874999999999999 0.45601851851851855
9 0.08697916666666666 0.4300925925925927 0.10833333333333335 0.4300925925925927 0.10833333333333335 0.45601851851851855 0.08697916666666666 0.45601851851851855
9 0.115625 0.4300925925925927 0.13177083333333334 0.4300925925925927 0.13177083333333334 0.45509259259259255 0.115625 0.45509259259259255
9 0.13489583333333333 0.43101851851851847 0.15000000000000002 0.43101851851851847 0.15000000000000002 0.4550925925925925 0.13489583333333333 0.4550925925925925
9 0.15208333333333332 0.42916666666666664 0.16770833333333332 0.42916666666666664 0.16770833333333332 0.45694444444444443 0.15208333333333332 0.45694444444444443
9 0.1885416666666667 0.43101851851851847 0.20937500000000003 0.43101851851851847 0.20937500000000003 0.4550925925925925 0.1885416666666667 0.4550925925925925
9 0.2177083333333333 0.4300925925925927 0.23854166666666662 0.4300925925925927 0.23854166666666662 0.45694444444444443 0.2177083333333333 0.45694444444444443
9 0.26979166666666665 0.43101851851851847 0.2859375 0.43101851851851847 0.2859375 0.45601851851851855 0.26979166666666665 0.45601851851851855
9 0.2890625 0.42916666666666664 0.3098958333333333 0.42916666666666664 0.3098958333333333 0.45601851851851855 0.2890625 0.45601851851851855
9 0.3125 0.4300925925925928 0.33229166666666665 0.4300925925925928 0.33229166666666665 0.45354937800654654 0.3125 0.45354937800654654
9 0.33541666666666664 0.4300925925925926 0.35624999999999996 0.4300925925925926 0.35624999999999996 0.4560185185185185 0.33541666666666664 0.4560185185185185
9 0.3640625 0.43101851851851847 0.3802083333333333 0.43101851851851847 0.3802083333333333 0.4560185185185185 0.3640625 0.4560185185185185
9 0.3885416666666666 0.4300925925925926 0.40520833333333334 0.4300925925925926 0.40520833333333334 0.4560185185185185 0.3885416666666666 0.4560185185185185
9 0.4078125 0.4300925925925926 0.42239583333333325 0.4300925925925926 0.42239583333333325 0.4560185185185185 0.4078125 0.4560185185185185
9 0.42552083333333335 0.43101851851851847 0.44114583333333335 0.43101851851851847 0.44114583333333335 0.4560185185185185 0.42552083333333335 0.4560185185185185
9 0.4484375 0.4300925925925927 0.5249999999999999 0.4300925925925927 0.5249999999999999 0.45601851851851855 0.4484375 0.45601851851851855
9 0.5265624999999999 0.4300925925925927 0.5432291666666667 0.4300925925925927 0.5432291666666667 0.45601851851851855 0.5265624999999999 0.45601851851851855
9 0.5453125 0.4300925925925927 0.5614583333333333 0.4300925925925927 0.5614583333333333 0.45694444444444443 0.5453125 0.45694444444444443
2 0.985416666666667 0.006481481481481481 0.9973958333333336 0.006481481481481481 0.9973958333333336 0.03425925925925926 0.985416666666667 0.03425925925925926
3 0.9692708333333334 0.007407407407407408 0.9833333333333335 0.007407407407407408 0.9833333333333335 0.034259259259259274 0.9692708333333334 0.034259259259259274
4 0.9552083333333344 0.008333333333333331 0.9677083333333342 0.008333333333333331 0.9677083333333342 0.03333333333333333 0.9552083333333344 0.03333333333333333
9 0.0046875 0.6472222222222223 0.024479166666666666 0.6472222222222223 0.024479166666666666 0.6777777777777778 0.0046875 0.6777777777777778
9 0.41875 0.6481481481481481 0.43697916666666675 0.6481481481481481 0.43697916666666675 0.6777777777777779 0.41875 0.6777777777777779
9 0.43802083333333336 0.6481481481481481 0.45833333333333337 0.6481481481481481 0.45833333333333337 0.6777777777777779 0.43802083333333336 0.6777777777777779
6 0.12083333333333336 0.6481481481481481 0.39791666666666664 0.6481481481481481 0.39791666666666664 0.6759259259259258 0.12083333333333336 0.6759259259259258
11 0.15416666666666665 0.7435185185185185 0.28229166666666666 0.7435185185185185 0.28229166666666666 0.7712962962962961 0.15416666666666665 0.7712962962962961
9 0.28281249999999997 0.7435185185185185 0.2958333333333333 0.7435185185185185 0.2958333333333333 0.7712962962962961 0.28281249999999997 0.7712962962962961
11 0.1546875 0.7749999999999999 0.22760416666666666 0.7749999999999999 0.22760416666666666 0.8027777777777778 0.1546875 0.8027777777777778
11 0.1546875 0.8055555555555556 0.22031250000000002 0.8055555555555556 0.22031250000000002 0.8351851851851851 0.1546875 0.8351851851851851
1 0.41927083333333337 0.8120370370370371 0.42812500000000003 0.8120370370370371 0.42812500000000003 0.8277777777777776 0.41927083333333337 0.8277777777777776
11 0.41875 0.7435185185185185 0.6947916666666667 0.7435185185185185 0.6947916666666667 0.7703703703703704 0.41875 0.7703703703703704
11 0.41927083333333326 0.7749999999999999 0.4375 0.7749999999999999 0.4375 0.8027777777777778 0.41927083333333326 0.8027777777777778
11 0.1546875 0.837962962962963 0.39791666666666664 0.837962962962963 0.39791666666666664 0.8657407407407407 0.1546875 0.8657407407407407
