9 0.030729166666666655 0.006481481481481482 0.09947916666666663 0.006481481481481482 0.09947916666666663 0.03333333333333333 0.030729166666666655 0.03333333333333333
9 0.10104166666666665 0.005555555555555556 0.13333333333333333 0.005555555555555556 0.13333333333333333 0.032407407407407406 0.10104166666666665 0.032407407407407406
9 0.13489583333333333 0.006481481481481481 0.1729166666666667 0.006481481481481481 0.1729166666666667 0.032407407407407406 0.13489583333333333 0.032407407407407406
9 0.175 0.005555555555555556 0.221875 0.005555555555555556 0.221875 0.03333333333333333 0.175 0.03333333333333333
9 0.2234375 0.006481481481481481 0.2598958333333333 0.006481481481481481 0.2598958333333333 0.032407407407407406 0.2234375 0.032407407407407406
9 0.015625 0.125 0.033854166666666664 0.125 0.033854166666666664 0.15833333333333333 0.015625 0.15833333333333333
9 0.17552083333333332 0.125 0.24062499999999998 0.125 0.24062499999999998 0.15833333333333333 0.17552083333333332 0.15833333333333333
9 0.25 0.12314814814814815 0.3260416666666667 0.12314814814814815 0.3260416666666667 0.15833333333333333 0.25 0.15833333333333333
9 0.3359375 0.12407407407407404 0.39583333333333326 0.12407407407407404 0.39583333333333326 0.1583333333333333 0.3359375 0.1583333333333333
9 0.4057291666666665 0.12314814814814815 0.4786458333333332 0.12314814814814815 0.4786458333333332 0.15833333333333338 0.4057291666666665 0.15833333333333338
9 0.48958333333333326 0.12314814814814815 0.5739583333333333 0.12314814814814815 0.5739583333333333 0.16018518518518518 0.48958333333333326 0.16018518518518518
9 0.584375 0.12314814814814815 0.6244791666666667 0.12314814814814815 0.6244791666666667 0.15833333333333333 0.584375 0.15833333333333333
9 0.38125 0.23055555555555554 0.4744791666666667 0.23055555555555554 0.4744791666666667 0.2657407407407407 0.38125 0.2657407407407407
9 0.022395833333333334 0.2324074074074074 0.10885416666666665 0.2324074074074074 0.10885416666666665 0.26666666666666666 0.022395833333333334 0.26666666666666666
9 0.11041666666666666 0.2324074074074074 0.196875 0.2324074074074074 0.196875 0.2657407407407407 0.11041666666666666 0.2657407407407407
9 0.19791666666666663 0.23148148148148145 0.28541666666666665 0.23148148148148145 0.28541666666666665 0.26759259259259255 0.19791666666666663 0.26759259259259255
9 0.2875000000000003 0.23148148148148137 0.3802083333333333 0.23148148148148137 0.3802083333333333 0.2679012298583983 0.2875000000000003 0.2679012298583983
9 0.8687500000000002 0.0 0.8901041666666668 0.0 0.8901041666666668 0.03611111111111111 0.8687500000000002 0.03611111111111111
9 0.8932291666666667 0.0009259259259259259 0.9125000000000002 0.0009259259259259259 0.9125000000000002 0.03611111111111111 0.8932291666666667 0.03611111111111111
9 0.8687500000000002 0.12314814814814815 0.8895833333333333 0.12314814814814815 0.8895833333333333 0.15925925925925927 0.8687500000000002 0.15925925925925927
9 0.8989583333333334 0.12407407407407404 0.9197916666666669 0.12407407407407404 0.9197916666666669 0.1583333333333333 0.8989583333333334 0.1583333333333333
9 0.9291666666666668 0.125 0.9500000000000003 0.125 0.9500000000000003 0.1574074074074074 0.9291666666666668 0.1574074074074074
2 0.9734375000000003 0.0009259259259259259 0.9927083333333333 0.0009259259259259259 0.9927083333333333 0.03611111111111111 0.9734375000000003 0.03611111111111111
3 0.9250000000000003 0.0018518518518518517 0.9458333333333333 0.0018518518518518517 0.9458333333333333 0.03611111111111111 0.9250000000000003 0.03611111111111111
4 0.9489583333333336 0.0018518518518518517 0.969791666666667 0.0018518518518518517 0.969791666666667 0.03703703703703703 0.9489583333333336 0.03703703703703703
9 0.02083333333333333 0.34444444444444444 0.14270833333333333 0.34444444444444444 0.14270833333333333 0.3777777777777779 0.02083333333333333 0.3777777777777779
9 0.14427083333333332 0.3425925925925926 0.2651041666666667 0.3425925925925926 0.2651041666666667 0.3777777777777779 0.14427083333333332 0.3777777777777779
9 0.021354166666666664 0.4537037037037037 0.18333333333333332 0.4537037037037037 0.18333333333333332 0.4888888888888889 0.021354166666666664 0.4888888888888889
9 0.1843750000000002 0.45277777777777767 0.3463541666666667 0.45277777777777767 0.3463541666666667 0.48734567430284276 0.1843750000000002 0.48734567430284276
9 0.7723958333333333 0.0018518518518518517 0.7932291666666667 0.0018518518518518517 0.7932291666666667 0.03611111111111111 0.7723958333333333 0.03611111111111111
9 0.7989583333333333 0.0 0.8625 0.0 0.8625 0.03611111111111111 0.7989583333333333 0.03611111111111111
6 0.04479166666666667 0.12407407407407404 0.165625 0.12407407407407404 0.165625 0.15555555555555553 0.04479166666666667 0.15555555555555553
