2 0.6651041666666667 0.2847222222222222 0.6854166666666667 0.2847222222222222 0.6854166666666667 0.3217592592592593 0.6651041666666667 0.3217592592592593
11 0.5088541666666667 0.4125 0.6484375000000001 0.4125 0.6484375000000001 0.4439814814814814 0.5088541666666667 0.4439814814814814
11 0.5088541666666668 0.4486111111111113 0.6489583333333335 0.4486111111111113 0.6489583333333335 0.48040122985839845 0.5088541666666668 0.48040122985839845
11 0.5078125000000001 0.5606481481481481 0.6494791666666667 0.5606481481481481 0.6494791666666667 0.5921296296296298 0.5078125000000001 0.5921296296296298
1 0.36718750000000017 0.6050925925925926 0.37708333333333344 0.6050925925925926 0.37708333333333344 0.6217592592592592 0.36718750000000017 0.6217592592592592
9 0.5072916666666667 0.6337962962962963 0.6489583333333333 0.6337962962962963 0.6489583333333333 0.6671296296296296 0.5072916666666667 0.6671296296296296
9 0.5072916666666667 0.7069444444444444 0.6494791666666667 0.7069444444444444 0.6494791666666667 0.7430555555555555 0.5072916666666667 0.7430555555555555
8 0.34270833333333345 0.8245370370370371 0.459375 0.8245370370370371 0.459375 0.8763888888888888 0.34270833333333345 0.8763888888888888
9 0.4635416666666668 0.8347222222222223 0.5104166666666667 0.8347222222222223 0.5104166666666667 0.8652777777777777 0.4635416666666668 0.8652777777777777
9 0.5177083333333334 0.8356481481481481 0.5619791666666668 0.8356481481481481 0.5619791666666668 0.8652777777777778 0.5177083333333334 0.8652777777777778
9 0.5682291666666667 0.8337962962962961 0.6359375000000002 0.8337962962962961 0.6359375000000002 0.8662037037037037 0.5682291666666667 0.8662037037037037
9 0.6421875000000001 0.8337962962962961 0.6604166666666667 0.8337962962962961 0.6604166666666667 0.8643518518518518 0.6421875000000001 0.8643518518518518
9 0.5088541666666667 0.19583333333333333 0.5281250000000001 0.19583333333333333 0.5281250000000001 0.2300925925925926 0.5088541666666667 0.2300925925925926
9 0.030208333333333334 0.007407407407407407 0.09895833333333333 0.007407407407407407 0.09895833333333333 0.0324074074074074 0.030208333333333334 0.0324074074074074
9 0.09947916666666666 0.005555555555555556 0.13333333333333333 0.005555555555555556 0.13333333333333333 0.03148148148148148 0.09947916666666666 0.03148148148148148
9 0.134375 0.004629629629629629 0.17291666666666666 0.004629629629629629 0.17291666666666666 0.032407407407407406 0.134375 0.032407407407407406
9 0.17395833333333333 0.005555555555555556 0.22239583333333332 0.005555555555555556 0.22239583333333332 0.03148148148148148 0.17395833333333333 0.03148148148148148
9 0.2234375 0.004629629629629629 0.2609375 0.004629629629629629 0.2609375 0.032407407407407406 0.2234375 0.032407407407407406
9 0.0140625 0.12314814814814815 0.034375 0.12314814814814815 0.034375 0.15833333333333333 0.0140625 0.15833333333333333
9 0.17552083333333332 0.12314814814814815 0.24062499999999998 0.12314814814814815 0.24062499999999998 0.1574074074074074 0.17552083333333332 0.1574074074074074
9 0.25104166666666666 0.12314814814814815 0.3249999999999999 0.12314814814814815 0.3249999999999999 0.1574074074074074 0.25104166666666666 0.1574074074074074
9 0.33645833333333336 0.12407407407407404 0.39687500000000003 0.12407407407407404 0.39687500000000003 0.15740740740740738 0.33645833333333336 0.15740740740740738
9 0.40572916666666664 0.12314814814814815 0.47968749999999993 0.12314814814814815 0.47968749999999993 0.15833333333333333 0.40572916666666664 0.15833333333333333
9 0.4890625 0.125 0.5744791666666667 0.125 0.5744791666666667 0.1574074074074074 0.4890625 0.1574074074074074
9 0.584375 0.12407407407407404 0.6255208333333333 0.12407407407407404 0.6255208333333333 0.1592592592592592 0.584375 0.1592592592592592
9 0.8697916666666667 0.0009259259259259259 0.8885416666666669 0.0009259259259259259 0.8885416666666669 0.03703703703703703 0.8697916666666667 0.03703703703703703
9 0.8921875000000002 0.002777777777777778 0.9130208333333333 0.002777777777777778 0.9130208333333333 0.03703703703703703 0.8921875000000002 0.03703703703703703
9 0.8687500000000002 0.12407407407407404 0.8890625000000001 0.12407407407407404 0.8890625000000001 0.15925925925925927 0.8687500000000002 0.15925925925925927
9 0.899479166666667 0.125 0.9197916666666669 0.125 0.9197916666666669 0.15925925925925927 0.899479166666667 0.15925925925925927
9 0.9296875000000007 0.12314814814814809 0.950520833333334 0.12314814814814809 0.950520833333334 0.15740740740740736 0.9296875000000007 0.15740740740740736
2 0.9739583333333336 0.0009259259259259259 0.9937500000000002 0.0009259259259259259 0.9937500000000002 0.03796296296296296 0.9739583333333336 0.03796296296296296
3 0.9265625000000003 0.0018518518518518517 0.9458333333333333 0.0018518518518518517 0.9458333333333333 0.03703703703703703 0.9265625000000003 0.03703703703703703
4 0.9484375000000003 0.0009259259259259259 0.9697916666666669 0.0009259259259259259 0.9697916666666669 0.03611111111111111 0.9484375000000003 0.03611111111111111
6 0.0453125 0.12314814814814815 0.16666666666666663 0.12314814814814815 0.16666666666666663 0.15555555555555556 0.0453125 0.15555555555555556
9 0.7734374999999999 0.0009259259259259259 0.7932291666666668 0.0009259259259259259 0.7932291666666668 0.03611111111111111 0.7734374999999999 0.03611111111111111
9 0.7984374999999999 0.0009259259259259259 0.8619791666666665 0.0009259259259259259 0.8619791666666665 0.03611111111111111 0.7984374999999999 0.03611111111111111
6 0.36562500000000014 0.7074074074074075 0.5072916666666668 0.7074074074074075 0.5072916666666668 0.7416666666666669 0.36562500000000014 0.7416666666666669
