9 0.005286259765249665 0.6194238862214462 0.024920938893319845 0.6194238862214462 0.024920938893319845 0.6496310848800159 0.005286259765249665 0.6496310848800159
1 0.033227918524426456 0.8154350419614971 0.0419124881387652 0.8154350419614971 0.0419124881387652 0.8308742768314327 0.033227918524426456 0.8308742768314327
11 0.17482416223647096 0.7147443797662655 0.29565295687074894 0.7147443797662655 0.29565295687074894 0.7429377651809304 0.17482416223647096 0.7429377651809304
11 0.174824162236471 0.7469653916687398 0.2948977769042848 0.7469653916687398 0.2948977769042848 0.7744875060021031 0.174824162236471 0.7744875060021031
11 0.17520175221970316 0.7785151324899124 0.2948977769042848 0.7785151324899124 0.2948977769042848 0.8060372468232757 0.17520175221970316 0.8060372468232757
11 0.648322001209548 0.7154156508475673 0.6879689494489205 0.7154156508475673 0.6879689494489205 0.742266494099629 0.648322001209548 0.742266494099629
11 0.689479309381849 0.7147443797662656 0.7015621888452768 0.7147443797662656 0.7015621888452768 0.7422664940996289 0.689479309381849 0.7422664940996289
11 0.4455561802139002 0.8093936022297832 0.47160988905691636 0.8093936022297832 0.47160988905691636 0.8375869876444481 0.4455561802139002 0.8375869876444481
11 0.44517859023066797 0.8409433430509555 0.47160988905691625 0.8409433430509555 0.47160988905691625 0.8691367284656205 0.44517859023066797 0.8691367284656205
11 0.4455561802139002 0.7154156508475671 0.45763905967732804 0.7154156508475671 0.45763905967732804 0.7422664940996289 0.4455561802139002 0.7422664940996289
11 0.45914941961025646 0.7147443797662656 0.5324018763572875 0.7147443797662656 0.5324018763572875 0.7422664940996289 0.45914941961025646 0.7422664940996289
11 0.4455561802139002 0.7785151324899122 0.5188086369609312 0.7785151324899122 0.5188086369609312 0.8053659757419742 0.4455561802139002 0.8053659757419742
11 0.445178590230668 0.7469653916687397 0.5188086369609312 0.7469653916687397 0.5188086369609312 0.7751587770834044 0.445178590230668 0.7751587770834044
1 0.033227918524426456 0.8463135117013681 0.04229007812199732 0.8463135117013681 0.04229007812199732 0.8624240176526053 0.033227918524426456 0.8624240176526053
9 0.4181936397946966 0.6198956099418012 0.4378914279788652 0.6198956099418012 0.4378914279788652 0.6496872895835283 0.4181936397946966 0.6496872895835283
9 0.4384794216560045 0.6188502878491099 0.45847120667874247 0.6188502878491099 0.45847120667874247 0.6491646285371832 0.4384794216560045 0.6491646285371832
6 0.12037484232361689 0.6209409320344902 0.39702586741768026 0.6209409320344902 0.39702586741768026 0.6481193064444866 0.12037484232361689 0.6481193064444866
2 0.9847121643943768 0.005749271509806988 0.997942022130012 0.005749271509806988 0.997942022130012 0.03501829010518802 0.9847121643943768 0.03501829010518802
3 0.9535484995059913 0.008362576741537437 0.9682483414344751 0.008362576741537437 0.9682483414344751 0.035540951151534106 0.9535484995059913 0.035540951151534106
4 0.9697183256273233 0.008362576741537437 0.983536177040098 0.008362576741537437 0.983536177040098 0.03501829010518802 0.9697183256273233 0.03501829010518802
9 0.006761927287102537 0.054356748819993334 0.025283728116992095 0.054356748819993334 0.025283728116992095 0.08937503892518135 0.006761927287102537 0.08937503892518135
6 0.031751658565524955 0.05331142672730116 0.14641042560769837 0.05331142672730116 0.14641042560769837 0.08310310636902826 0.031751658565524955 0.08310310636902826
9 0.14846840347768614 0.05278876568095507 0.1678721948232847 0.05278876568095507 0.1678721948232847 0.08728439473979697 0.14846840347768614 0.08728439473979697
9 0.16934217901613308 0.052266104634608984 0.18903996720030136 0.052266104634608984 0.18903996720030136 0.08728439473979697 0.16934217901613308 0.08728439473979697
9 0.19550789764883422 0.05331142672730116 0.21432369531729348 0.05331142672730116 0.21432369531729348 0.08885237787883525 0.19550789764883422 0.08885237787883525
9 0.21667567002585084 0.053834087773647246 0.23431548034003138 0.053834087773647246 0.23431548034003138 0.08832971683248919 0.21667567002585084 0.08832971683248919
9 0.2363734582100191 0.05487940986633943 0.254601262201339 0.05487940986633943 0.254601262201339 0.08832971683248918 0.2363734582100191 0.08832971683248918
9 0.2822369650268885 0.05331142672730116 0.3019347532110567 0.05331142672730116 0.3019347532110567 0.08832971683248918 0.2822369650268885 0.08832971683248918
9 0.41688751709179994 0.05487940986633943 0.4359973115988288 0.05487940986633943 0.4359973115988288 0.0867617336934509 0.41688751709179994 0.0867617336934509
9 0.43805528946881656 0.054356748819993334 0.45628309346013646 0.054356748819993334 0.45628309346013646 0.0867617336934509 0.43805528946881656 0.0867617336934509
9 0.46451500494008735 0.05487940986633943 0.4827428089314073 0.05487940986633943 0.4827428089314073 0.08728439473979697 0.46451500494008735 0.08728439473979697
9 0.485682777317104 0.054356748819993334 0.5027345939541452 0.054356748819993334 0.5027345939541452 0.08780705578614308 0.485682777317104 0.08780705578614308
9 0.008231911479950914 0.09930559880575707 0.031751658565524955 0.09930559880575707 0.031751658565524955 0.12596131216940765 0.008231911479950914 0.12596131216940765
9 0.1684601885004241 0.1437317877451747 0.18404202094461686 0.1437317877451747 0.18404202094461686 0.17613677261863228 0.1684601885004241 0.17613677261863228
9 0.21255971428587542 0.14216380460613642 0.23108151511576497 0.14216380460613642 0.23108151511576497 0.1761367726186323 0.21255971428587542 0.1761367726186323
9 0.23960742343428557 0.14268646565248252 0.25901121477988415 0.14268646565248252 0.25901121477988415 0.17509145052594005 0.23960742343428557 0.17509145052594005
9 0.2643031578741383 0.14268646565248252 0.2834129523811672 0.14268646565248252 0.2834129523811672 0.17509145052594005 0.2643031578741383 0.17509145052594005
9 0.28958688599113036 0.14216380460613642 0.3057567121124626 0.14216380460613642 0.3057567121124626 0.17404612843324793 0.28958688599113036 0.17404612843324793
9 0.1910979450702891 0.1437317877451747 0.20873775538446965 0.1437317877451747 0.20873775538446965 0.17613677261863228 0.1910979450702891 0.17613677261863228
9 0.30663870262817156 0.14216380460613642 0.3904278016205291 0.14216380460613642 0.3904278016205291 0.1756141115722862 0.30663870262817156 0.1756141115722862
9 0.41512353606038066 0.14686775402325053 0.510084514918386 0.14686775402325053 0.510084514918386 0.16951639670652283 0.41512353606038066 0.16951639670652283
9 0.5309582904568341 0.14739041506959732 0.6362091586647779 0.14739041506959732 0.6362091586647779 0.17038750110882528 0.5309582904568341 0.17038750110882528
6 0.2157936795101418 0.27491971037804325 0.322514531910934 0.27491971037804325 0.322514531910934 0.30209808478803984 0.2157936795101418 0.30209808478803984
9 0.0049979462556844845 0.39879037836206654 0.02469573443985274 0.39879037836206654 0.02469573443985274 0.4285820580037936 0.0049979462556844845 0.4285820580037936
9 0.04380552894688165 0.4029716667328353 0.05997535506821381 0.4029716667328353 0.05997535506821381 0.42596875277206325 0.04380552894688165 0.42596875277206325
9 0.06820726654816472 0.4019263446401431 0.08408309583092718 0.4019263446401431 0.08408309583092718 0.4259687527720632 0.06820726654816472 0.4259687527720632
9 0.0864350705394846 0.40244900568648917 0.10730884607793158 0.40244900568648917 0.10730884607793158 0.4264914138184094 0.0864350705394846 0.4264914138184094
9 0.11583475439645215 0.4019263446401431 0.1308285931635056 0.4019263446401431 0.1308285931635056 0.42701407486475534 0.11583475439645215 0.42701407486475534
9 0.13376856154920233 0.4019263446401431 0.14993838767053447 0.4019263446401431 0.14993838767053447 0.4264914138184093 0.13376856154920233 0.4264914138184093
9 0.15170236870195258 0.401403683593797 0.16757819798471504 0.401403683593797 0.16757819798471504 0.4259687527720632 0.15170236870195258 0.4259687527720632
9 0.18874597036173169 0.4019263446401431 0.20932574906160897 0.4019263446401431 0.20932574906160897 0.42701407486475534 0.18874597036173169 0.42701407486475534
9 0.21755766054155992 0.4019263446401431 0.23843143608000686 0.4019263446401431 0.23843143608000686 0.42701407486475534 0.21755766054155992 0.42701407486475534
9 0.2701830946455318 0.4019263446401431 0.28664691760543365 0.4019263446401431 0.28664691760543365 0.4259687527720632 0.2701830946455318 0.4259687527720632
9 0.28811690179828203 0.4019263446401431 0.309872667852438 0.4019263446401431 0.309872667852438 0.42649141381840927 0.28811690179828203 0.42649141381840927
9 0.3113426520452864 0.401403683593797 0.33280442126087273 0.401403683593797 0.33280442126087273 0.4270140748647553 0.3113426520452864 0.4270140748647553
9 0.33545039280799976 0.401403683593797 0.35691216202358605 0.401403683593797 0.35691216202358605 0.42753673591110153 0.33545039280799976 0.42753673591110153
9 0.3645560798263976 0.40192634464014304 0.3801379122705904 0.40192634464014304 0.3801379122705904 0.4270140748647553 0.3645560798263976 0.4270140748647553
9 0.3889578174276807 0.40192634464014304 0.40483364671044314 0.40192634464014304 0.40483364671044314 0.4270140748647553 0.3889578174276807 0.4270140748647553
9 0.4065976277418612 0.40192634464014304 0.42276745386319337 0.40192634464014304 0.42276745386319337 0.4270140748647553 0.4065976277418612 0.4270140748647553
9 0.42482543173318116 0.401403683593797 0.4404072641773739 0.401403683593797 0.4404072641773739 0.4270140748647553 0.42482543173318116 0.4270140748647553
9 0.4489331724958928 0.401403683593797 0.524490360008301 0.401403683593797 0.524490360008301 0.42666563150879966 0.4489331724958928 0.42666563150879966
9 0.5271363315554276 0.40140368359379686 0.5433061576767597 0.40140368359379686 0.5433061576767597 0.4270140748647553 0.5271363315554276 0.4270140748647553
9 0.5450701387081783 0.4019263446401431 0.5612399648295106 0.4019263446401431 0.5612399648295106 0.4275367359111015 0.5450701387081783 0.4275367359111015
