1 0.2140625 0.5518518518518519 0.22239583333333338 0.5518518518518519 0.22239583333333338 0.5666666666666667 0.2140625 0.5666666666666667
6 0.6192708333333333 0.5462962962962965 0.7598958333333332 0.5462962962962965 0.7598958333333332 0.5722222222222227 0.6192708333333333 0.5722222222222227
11 0.6197916666666667 0.6083333333333334 0.7062500000000002 0.6083333333333334 0.7062500000000002 0.6361111111111111 0.6197916666666667 0.6361111111111111
11 0.6203125 0.6416666666666667 0.7062499999999999 0.6416666666666667 0.7062499999999999 0.6685185185185184 0.6203125 0.6685185185185184
1 0.2140625 0.5833333333333334 0.22291666666666662 0.5833333333333334 0.22291666666666662 0.5981481481481481 0.2140625 0.5981481481481481
1 0.21302083333333333 0.6138888888888889 0.22395833333333337 0.6138888888888889 0.22395833333333337 0.6305555555555555 0.21302083333333333 0.6305555555555555
1 0.2140625 0.6472222222222223 0.2234375 0.6472222222222223 0.2234375 0.6611111111111112 0.2140625 0.6611111111111112
11 0.35625 0.673148148148148 0.36822916666666666 0.673148148148148 0.36822916666666666 0.6981481481481481 0.35625 0.6981481481481481
7 0.36979166666666674 0.675 0.39791666666666664 0.675 0.39791666666666664 0.6981481481481482 0.36979166666666674 0.6981481481481482
6 0.35520833333333335 0.7037037037037037 0.4828125 0.7037037037037037 0.4828125 0.7314814814814814 0.35520833333333335 0.7314814814814814
11 0.3151041666666667 0.38981481481481484 0.3604166666666666 0.38981481481481484 0.3604166666666666 0.41666666666666674 0.3151041666666667 0.41666666666666674
11 0.36302083333333335 0.38888888888888895 0.39479166666666665 0.38888888888888895 0.39479166666666665 0.41666666666666674 0.36302083333333335 0.41666666666666674
11 0.3963541666666666 0.38888888888888895 0.4822916666666666 0.38888888888888895 0.4822916666666666 0.4157407407407408 0.3963541666666666 0.4157407407407408
11 0.31562500000000004 0.4518518518518518 0.4020833333333334 0.4518518518518518 0.4020833333333334 0.4777777777777778 0.31562500000000004 0.4777777777777778
11 0.3151041666666687 0.42037037037037 0.7609375000000002 0.42037037037037 0.7609375000000002 0.44629629629629597 0.3151041666666687 0.44629629629629597
11 0.3416666666666666 0.2314814814814815 0.5510416666666667 0.2314814814814815 0.5510416666666667 0.2592592592592592 0.3416666666666666 0.2592592592592592
9 0.5520833333333334 0.2314814814814815 0.5635416666666665 0.2314814814814815 0.5635416666666665 0.2583333333333333 0.5520833333333334 0.2583333333333333
11 0.3416666666666666 0.26296296296296295 0.36718749999999994 0.26296296296296295 0.36718749999999994 0.2888888888888889 0.3416666666666666 0.2888888888888889
11 0.3411458333333345 0.2944444444444448 0.7541666666666668 0.2944444444444448 0.7541666666666668 0.3222222222222225 0.3411458333333345 0.3222222222222225
2 0.7703125 0.1851851851851852 0.7890625 0.1851851851851852 0.7890625 0.21666666666666676 0.7703125 0.21666666666666676
9 0.6020833333333334 0.7879629629629631 0.7020833333333335 0.7879629629629631 0.7020833333333335 0.814814814814815 0.6020833333333334 0.814814814814815
9 0.7041666666666667 0.7879629629629631 0.7614583333333332 0.7879629629629631 0.7614583333333332 0.814814814814815 0.7041666666666667 0.814814814814815
