11 0.21183672990232913 0.3070858945166405 0.25801128537440526 0.3070858945166405 0.25801128537440526 0.33908633974022623 0.21183672990232913 0.33908633974022623
11 0.21222803969446538 0.34465163456171927 0.2572286657901327 0.34465163456171927 0.2572286657901327 0.37665207978530507 0.21222803969446538 0.37665207978530507
11 0.21261934948660163 0.38152171275411156 0.25761997558226907 0.38152171275411156 0.25761997558226907 0.41282649612501066 0.21261934948660163 0.41282649612501066
11 0.21222803969446538 0.4928276091839749 0.2846203512396695 0.4928276091839749 0.2846203512396695 0.524132392554874 0.21222803969446538 0.524132392554874
11 0.21183672990232913 0.5290020255236805 0.28462035123966944 0.5290020255236805 0.28462035123966944 0.5603068088945796 0.21183672990232913 0.5603068088945796
11 0.21183672990232913 0.5672634274214461 0.2850116610318057 0.5672634274214461 0.2850116610318057 0.5985682107923451 0.21183672990232913 0.5985682107923451
9 0.8704764588029054 0.0006956618526866459 0.8880853994490361 0.0006956618526866459 0.8880853994490361 0.03547875448701894 0.8704764588029054 0.03547875448701894
9 0.892781116954671 0.0013913237053732918 0.9127379163536191 0.0013913237053732918 0.9127379163536191 0.036174416339705584 0.892781116954671 0.036174416339705584
9 0.8685199098422242 0.12313214792553633 0.8888680190333087 0.12313214792553633 0.8888680190333087 0.15791524055986858 0.8685199098422242 0.15791524055986858
9 0.8982594540445781 0.12174082422016302 0.9201728024042075 0.12174082422016302 0.9201728024042075 0.15791524055986858 0.8982594540445781 0.15791524055986858
9 0.9287816178312049 0.12382780977822297 0.9503036563986981 0.12382780977822297 0.9503036563986981 0.1579152405598686 0.9287816178312049 0.1579152405598686
2 0.9733909341347361 0.0006956618526866459 0.992956423741548 0.0006956618526866459 0.992956423741548 0.036870078192392235 0.9733909341347361 0.036870078192392235
3 0.9264337590783882 3.0893592248244323e-19 0.9452166291009275 3.0893592248244323e-19 0.9452166291009275 0.03687007819239227 0.9264337590783882 0.03687007819239227
4 0.9499123466065618 0.0 0.9694778362133737 0.0 0.9694778362133737 0.036174416339705584 0.9499123466065618 0.036174416339705584
9 0.02973954420235411 0.005565294821493167 0.09939268720260452 0.005565294821493167 0.09939268720260452 0.03269610707627236 0.02973954420235411 0.03269610707627236
9 0.10095792637114949 0.0062609566741798125 0.13304532932632102 0.0062609566741798125 0.13304532932632102 0.03269610707627236 0.10095792637114949 0.03269610707627236
9 0.1338279489105935 0.004869632968806521 0.17217630853994487 0.004869632968806521 0.17217630853994487 0.03269610707627236 0.1338279489105935 0.03269610707627236
9 0.17374154770848982 0.004869632968806521 0.22304658151765586 0.004869632968806521 0.22304658151765586 0.033391768928958995 0.17374154770848982 0.033391768928958995
9 0.223829201101929 0.004869632968806537 0.26061232156273473 0.004869632968806537 0.26061232156273473 0.03362365267486885 0.223829201101929 0.03362365267486885
9 0.014478462309040816 0.12313214792553633 0.03521788129226145 0.12313214792553633 0.03521788129226145 0.1593065642652419 0.014478462309040816 0.1593065642652419
9 0.175698096669171 0.12452347163090963 0.24065552216378652 0.12452347163090963 0.24065552216378652 0.1586109024125553 0.175698096669171 0.1586109024125553
9 0.251220886551465 0.1245234716309096 0.32517843726521395 0.1245234716309096 0.32517843726521395 0.1579152405598686 0.251220886551465 0.1579152405598686
9 0.3353524918607562 0.1245234716309096 0.3956141998497369 0.1245234716309096 0.3956141998497369 0.1593065642652419 0.3353524918607562 0.1593065642652419
9 0.40539694465314285 0.12313214792553633 0.47974580515902815 0.12313214792553633 0.47974580515902815 0.1593065642652419 0.40539694465314285 0.1593065642652419
9 0.48991985975457036 0.12452347163090963 0.5740514650638616 0.12452347163090963 0.5740514650638616 0.1579152405598686 0.48991985975457036 0.1579152405598686
9 0.5842255196594037 0.12382780977822297 0.6249217380415726 0.12382780977822297 0.6249217380415726 0.1593065642652419 0.5842255196594037 0.1593065642652419
9 0.7729166666666666 0.0009259259259259259 0.7927083333333332 0.0009259259259259259 0.7927083333333332 0.03518518518518518 0.7729166666666666 0.03518518518518518
9 0.8 0.0009259259259259259 0.8625 0.0009259259259259259 0.8625 0.03796296296296296 0.8 0.03796296296296296
6 0.045312500000000006 0.12314814814814815 0.16666666666666669 0.12314814814814815 0.16666666666666669 0.15462962962962962 0.045312500000000006 0.15462962962962962
9 0.25885416666666666 0.3074074074074074 0.27291666666666675 0.3074074074074074 0.27291666666666675 0.33888888888888885 0.25885416666666666 0.33888888888888885
