1 0.42245836125061714 0.6758022114213952 0.4325164237778028 0.6758022114213952 0.4325164237778028 0.6932247242889988 0.42245836125061714 0.6932247242889988
11 0.42168466413314293 0.5937330060713677 0.6981524341111703 0.5937330060713677 0.6981524341111703 0.6273553969926513 0.42168466413314293 0.6273553969926513
11 0.15677070524200393 0.5934490105379142 0.2855288895241565 0.5934490105379142 0.2855288895241565 0.6263412935216898 0.15677070524200393 0.6263412935216898
11 0.15783261299102566 0.6310401910908009 0.2307074797548246 0.6310401910908009 0.2307074797548246 0.6639324740745763 0.15783261299102566 0.6639324740745763
11 0.42139042128704207 0.6310401910907976 0.4410251004151127 0.6310401910907976 0.4410251004151127 0.6646037451558758 0.42139042128704207 0.6646037451558758
11 0.1578326129910252 0.7048800100339689 0.400245382226046 0.7048800100339689 0.400245382226046 0.7386673177118852 0.1578326129910252 0.7386673177118852
2 0.9728135212072874 0.0013425421626030892 0.9932033803018216 0.0013425421626030892 0.9932033803018216 0.03624863839028341 0.9728135212072874 0.03624863839028341
3 0.9256147733032727 0.0013425421626030892 0.9471374023475031 0.0013425421626030892 0.9471374023475031 0.036919909471584945 0.9256147733032727 0.036919909471584945
4 0.9494029422468959 0.0006712710813015446 0.9705479813078947 0.0006712710813015446 0.9705479813078947 0.037591180552886495 0.9494029422468959 0.037591180552886495
9 0.014348419362820514 0.12217133679688111 0.03511586844058705 0.12217133679688111 0.03511586844058705 0.15909124626846607 0.014348419362820514 0.15909124626846607
9 0.17444657225323887 0.12284260787818266 0.1986123311800945 0.12284260787818266 0.1986123311800945 0.16043378843106917 0.17444657225323887 0.16043378843106917
9 0.2050313608950397 0.12351387895948415 0.3288808753951745 0.12351387895948415 0.3288808753951745 0.159091246268466 0.2050313608950397 0.159091246268466
9 0.33907580494244266 0.12351387895948421 0.35946566403697705 0.12351387895948421 0.35946566403697705 0.15976251734976762 0.33907580494244266 0.15976251734976762
9 0.36852782363454784 0.12217133679688111 0.3889176827290823 0.12217133679688111 0.3889176827290823 0.15841997518716452 0.36852782363454784 0.15841997518716452
9 0.3979798423266528 0.12284260787818245 0.4202576513373479 0.12284260787818245 0.4202576513373479 0.15976251734976732 0.3979798423266528 0.15976251734976732
9 0.4289422209516865 0.1235138789594841 0.4500872600126854 0.1235138789594841 0.4500872600126854 0.15976251734976749 0.4289422209516865 0.15976251734976749
9 0.45914941961025596 0.12351387895948401 0.48029445867125503 0.12351387895948401 0.48029445867125503 0.15976251734976737 0.45914941961025596 0.15976251734976737
9 0.48935661826882604 0.12351387895948421 0.5935714536408907 0.12351387895948421 0.5935714536408907 0.15909124626846605 0.48935661826882604 0.15909124626846605
9 0.8013876688199055 0.12351387895948421 0.8217775279144398 0.12351387895948421 0.8217775279144398 0.15774870410586297 0.8013876688199055 0.15774870410586297
9 0.8308396875120094 0.12284260787818257 0.8527399065394725 0.12284260787818257 0.8527399065394725 0.15909124626846594 0.8308396875120094 0.15909124626846594
9 0.8602917062041144 0.12284260787818257 0.8821919252315775 0.12284260787818257 0.8821919252315775 0.15909124626846594 0.8602917062041144 0.15909124626846594
9 0.891254084829148 0.1228426078781826 0.9131543038566111 0.1228426078781826 0.9131543038566111 0.159091246268466 0.891254084829148 0.159091246268466
9 0.9218388734709477 0.1215000657155791 0.9501581222133587 0.1215000657155791 0.9501581222133587 0.1577487041058624 0.9218388734709477 0.1577487041058624
9 0.4210493671423751 0.44464041674211285 0.4413019207884615 0.44464041674211285 0.4413019207884615 0.48003471011983057 0.4210493671423751 0.48003471011983057
9 0.44233171165182206 0.44525066317965956 0.46224100167678817 0.44525066317965956 0.46224100167678817 0.48064495655737743 0.44233171165182206 0.48064495655737743
11 0.1578125 0.6689814814814815 0.22447916666666667 0.6689814814814815 0.22447916666666667 0.7004629629629628 0.1578125 0.7004629629629628
9 0.28645833333333337 0.5949074074074073 0.30000000000000004 0.5949074074074073 0.30000000000000004 0.6254629629629629 0.28645833333333337 0.6254629629629629
6 0.12395833333333338 0.44583333333333336 0.4000000000000001 0.44583333333333336 0.4000000000000001 0.47824074074074074 0.12395833333333338 0.47824074074074074
9 0.008333333333333333 0.4430555555555557 0.028124999999999997 0.4430555555555557 0.028124999999999997 0.4810185185185186 0.008333333333333333 0.4810185185185186
7 0.029166666666666664 0.45509259259259255 0.05624999999999999 0.45509259259259255 0.05624999999999999 0.4708333333333334 0.029166666666666664 0.4708333333333334
6 0.04427083333333333 0.12268518518518519 0.16614583333333333 0.12268518518518519 0.16614583333333333 0.15601851851851856 0.04427083333333333 0.15601851851851856
9 0.8697916666666667 0.0 0.8890625000000002 0.0 0.8890625000000002 0.03611111111111111 0.8697916666666667 0.03611111111111111
9 0.8927083333333335 0.0018518518518518517 0.9135416666666669 0.0018518518518518517 0.9135416666666669 0.03703703703703703 0.8927083333333335 0.03703703703703703
9 0.7729166666666668 0.0018518518518518517 0.7932291666666668 0.0018518518518518517 0.7932291666666668 0.03611111111111111 0.7729166666666668 0.03611111111111111
9 0.7989583333333335 0.0009259259259259259 0.8625000000000003 0.0009259259259259259 0.8625000000000003 0.03611111111111111 0.7989583333333335 0.03611111111111111
