9 0.266806467795575 0.23230007039521255 0.28339135262907944 0.23230007039521255 0.28339135262907944 0.2573170010531585 0.266806467795575 0.2573170010531585
9 0.28481848816460087 0.2326760210294057 0.3014646988739293 0.2326760210294057 0.3014646988739293 0.257684412705392 0.28481848816460087 0.257684412705392
9 0.30334032824962825 0.2326760210294057 0.3195176316150318 0.2326760210294057 0.3195176316150318 0.257684412705392 0.30334032824962825 0.257684412705392
9 0.3216277146626932 0.2326760210294057 0.3378050180280968 0.2326760210294057 0.3378050180280968 0.257684412705392 0.3216277146626932 0.257684412705392
9 0.34577644287481746 0.2326760210294057 0.361250385224334 0.2326760210294057 0.361250385224334 0.257684412705392 0.34577644287481746 0.257684412705392
9 0.2681722774552725 0.31353648744842805 0.28458403449263847 0.31353648744842805 0.28458403449263847 0.3381280725964811 0.2681722774552725 0.3381280725964811
9 0.29255545933935917 0.3131196809204949 0.3084983090328004 0.3131196809204949 0.3084983090328004 0.3381280725964812 0.29255545933935917 0.3381280725964812
9 0.3108428457524241 0.313536487448428 0.3267856954458654 0.313536487448428 0.3267856954458654 0.3381280725964812 0.3108428457524241 0.3381280725964812
9 0.3291302321654891 0.3131196809204949 0.3453075355308927 0.3131196809204949 0.3453075355308927 0.3385448791244143 0.3291302321654891 0.3385448791244143
9 0.3471831649065917 0.3131196809204949 0.3633604682719953 0.3131196809204949 0.3633604682719953 0.3381280725964812 0.3471831649065917 0.3381280725964812
9 0.5457654250587202 0.3118692613366956 0.5621771820960862 0.3118692613366956 0.5621771820960862 0.337294459540615 0.5457654250587202 0.337294459540615
9 0.5185687991110851 0.5302758819736424 0.5373250928680748 0.5302758819736424 0.5373250928680748 0.5607027585127591 0.5185687991110851 0.5607027585127591
9 0.5185687991110851 0.5623699846244915 0.5377940002119995 0.5623699846244915 0.5377940002119995 0.5919632481077419 0.5185687991110851 0.5919632481077419
9 0.7553675854726798 0.8358218419247474 0.7754704761799578 0.8358218419247474 0.7754704761799578 0.8642501722178679 0.7553675854726798 0.8642501722178679
9 0.5579937494375866 0.8911601068777677 0.6310951701913248 0.8911601068777677 0.6310951701913248 0.920400675179263 0.5579937494375866 0.920400675179263
9 0.6384053122666961 0.8903478688693929 0.7055672425841929 0.8903478688693929 0.7055672425841929 0.9212129131876375 0.6384053122666961 0.9212129131876375
2 0.7835558537041315 0.2656018287385821 0.8036587444114095 0.2656018287385821 0.8036587444114095 0.29890358708195175 0.7835558537041315 0.29890358708195175
