9 0.03125 0.006481481481481481 0.09947916666666666 0.006481481481481481 0.09947916666666666 0.03333333333333333 0.03125 0.03333333333333333
9 0.10104166666666665 0.006481481481481481 0.13333333333333333 0.006481481481481481 0.13333333333333333 0.032407407407407406 0.10104166666666665 0.032407407407407406
9 0.13489583333333333 0.005555555555555556 0.171875 0.005555555555555556 0.171875 0.032407407407407406 0.13489583333333333 0.032407407407407406
9 0.1734375 0.004629629629629629 0.221875 0.004629629629629629 0.221875 0.03425925925925926 0.1734375 0.03425925925925926
9 0.22447916666666667 0.006481481481481481 0.26041666666666663 0.006481481481481481 0.26041666666666663 0.032407407407407406 0.22447916666666667 0.032407407407407406
9 0.015104166666666656 0.12407407407407413 0.03489583333333332 0.12407407407407413 0.03489583333333332 0.15740740740740752 0.015104166666666656 0.15740740740740752
9 0.175 0.12314814814814815 0.24010416666666667 0.12314814814814815 0.24010416666666667 0.15833333333333333 0.175 0.15833333333333333
9 0.25 0.12314814814814815 0.3255208333333333 0.12314814814814815 0.3255208333333333 0.16018518518518518 0.25 0.16018518518518518
9 0.3369791666666667 0.125 0.39583333333333337 0.125 0.39583333333333337 0.1574074074074074 0.3369791666666667 0.1574074074074074
9 0.40677083333333336 0.12407407407407404 0.48020833333333335 0.12407407407407404 0.48020833333333335 0.15925925925925927 0.40677083333333336 0.15925925925925927
9 0.4901041666666666 0.12407407407407404 0.5744791666666667 0.12407407407407404 0.5744791666666667 0.1574074074074074 0.4901041666666666 0.1574074074074074
9 0.5833333333333334 0.12407407407407404 0.6255208333333334 0.12407407407407404 0.6255208333333334 0.1583333333333333 0.5833333333333334 0.1583333333333333
9 0.8687500000000002 0.0009259259259259259 0.8906250000000002 0.0009259259259259259 0.8906250000000002 0.03611111111111111 0.8687500000000002 0.03611111111111111
9 0.8921875000000002 0.0009259259259259259 0.9125000000000001 0.0009259259259259259 0.9125000000000001 0.03703703703703703 0.8921875000000002 0.03703703703703703
9 0.8687500000000002 0.125 0.8895833333333333 0.125 0.8895833333333333 0.16018518518518518 0.8687500000000002 0.16018518518518518
9 0.9000000000000002 0.12314814814814815 0.9187500000000003 0.12314814814814815 0.9187500000000003 0.16018518518518518 0.9000000000000002 0.16018518518518518
9 0.9291666666666668 0.12407407407407404 0.9489583333333335 0.12407407407407404 0.9489583333333335 0.15925925925925927 0.9291666666666668 0.15925925925925927
2 0.9734375000000003 0.0009259259259259259 0.9932291666666669 0.0009259259259259259 0.9932291666666669 0.03518518518518518 0.9734375000000003 0.03518518518518518
3 0.9265625000000003 0.0018518518518518517 0.9468750000000002 0.0018518518518518517 0.9468750000000002 0.03611111111111111 0.9265625000000003 0.03611111111111111
4 0.9500000000000003 0.0009259259259259259 0.9703125000000002 0.0009259259259259259 0.9703125000000002 0.03703703703703703 0.9500000000000003 0.03703703703703703
6 0.0453125 0.12268518518518519 0.16666666666666663 0.12268518518518519 0.16666666666666663 0.15601851851851856 0.0453125 0.15601851851851856
9 0.7734375 0.0009259259259259259 0.7927083333333333 0.0009259259259259259 0.7927083333333333 0.03703703703703703 0.7734375 0.03703703703703703
9 0.7994791666666667 0.0018518518518518517 0.8625000000000002 0.0018518518518518517 0.8625000000000002 0.03703703703703703 0.7994791666666667 0.03703703703703703
6 0.15052083333333333 0.41851851851851846 0.28489583333333335 0.41851851851851846 0.28489583333333335 0.45092592592592595 0.15052083333333333 0.45092592592592595
6 0.15104166666666669 0.45555555555555555 0.2859375 0.45555555555555555 0.2859375 0.4888888888888889 0.15104166666666669 0.4888888888888889
6 0.15104166666666669 0.4925925925925927 0.28541666666666665 0.4925925925925927 0.28541666666666665 0.5268518518518519 0.15104166666666669 0.5268518518518519
