10 0.3417520380274176 0.39377942740476934 0.354627856455633 0.39377942740476934 0.354627856455633 0.4151929748982888 0.3417520380274176 0.4151929748982888
10 0.34175203802741744 0.430699336876354 0.3546278564556328 0.430699336876354 0.3546278564556328 0.45358968074873696 0.34175203802741744 0.45358968074873696
10 0.34175203802741744 0.46761924634793894 0.3546278564556328 0.46761924634793894 0.3546278564556328 0.49050959022032187 0.34175203802741744 0.49050959022032187
11 0.483801389719342 0.3147708211355783 0.5581488574177462 0.3147708211355783 0.5581488574177462 0.34726034147057305 0.483801389719342 0.34726034147057305
2 0.6129749229830499 0.224686242024911 0.6354037679870379 0.224686242024911 0.6354037679870379 0.26308294787535946 0.6129749229830499 0.26308294787535946
2 0.9726671410099663 1.1102230246251568e-18 0.9950959860139543 1.1102230246251568e-18 0.9950959860139543 0.03839670585044843 0.9726671410099663 0.03839670585044843
3 0.9244064853569298 0.0007383981894316991 0.9468353303609176 0.0007383981894316991 0.9468353303609176 0.03765830766101665 0.9244064853569298 0.03765830766101665
4 0.9493274242502495 0.002215194568295097 0.9700948733280159 0.002215194568295097 0.9700948733280159 0.039135104039880055 0.9493274242502495 0.039135104039880055
8 0.32585870924820415 0.578611200993271 0.5082924424167522 0.578611200993271 0.5082924424167522 0.631682832460485 0.32585870924820415 0.631682832460485
9 0.5114220969927715 0.588605789686324 0.6091952472508964 0.588605789686324 0.6091952472508964 0.6202830720129437 0.5114220969927715 0.6202830720129437
9 0.014726009346052636 0.12316991639967838 0.03549345842381916 0.12316991639967838 0.03549345842381916 0.15874728370866026 0.014726009346052636 0.15874728370866026
9 0.17595693218616743 0.1231699163996784 0.19672438126393393 0.1231699163996784 0.19672438126393393 0.15941855478996184 0.17595693218616743 0.15941855478996184
9 0.007174209681410301 0.2319158315705286 0.02794165875917683 0.2319158315705286 0.02794165875917683 0.26816446996081206 0.007174209681410301 0.26816446996081206
9 0.007174209681410301 0.268164469960812 0.02794165875917683 0.268164469960812 0.02794165875917683 0.3044131083510954 0.007174209681410301 0.3044131083510954
9 0.029074428708873192 0.268164469960812 0.049841877786639725 0.268164469960812 0.049841877786639725 0.3044131083510954 0.029074428708873192 0.3044131083510954
9 0.05172982770280011 0.26883574104211283 0.0698541468979418 0.26883574104211283 0.0698541468979418 0.30441310835109436 0.05172982770280011 0.30441310835109436
9 0.10383724538883252 0.26950701212341444 0.12196156458397418 0.26950701212341444 0.12196156458397418 0.30508437943239597 0.10383724538883252 0.30508437943239597
9 0.12422710448336695 0.26883574104211294 0.14235142367850864 0.26883574104211294 0.14235142367850864 0.3044131083510945 0.12422710448336695 0.3044131083510945
9 0.14423937359466926 0.26816446996081134 0.16236369278981094 0.26816446996081134 0.16236369278981094 0.30374183726979287 0.14423937359466926 0.30374183726979287
9 0.07249727678056667 0.2688357410421123 0.10006134555651132 0.2688357410421123 0.10006134555651132 0.30441310835109375 0.07249727678056667 0.30441310835109375
9 0.18426391181727383 0.26950701212341355 0.21371593050937912 0.26950701212341355 0.21371593050937912 0.30508437943239497 0.18426391181727383 0.30508437943239497
9 0.2163590603920039 0.27017828320471504 0.24581107908410918 0.27017828320471504 0.24581107908410918 0.30575565051369646 0.2163590603920039 0.30575565051369646
9 0.27828381764207083 0.2701782832047142 0.2967857268204452 0.2701782832047142 0.2967857268204452 0.30575565051369563 0.27828381764207083 0.30575565051369563
9 0.2990512667198368 0.27017828320471265 0.3247273855796217 0.27017828320471265 0.3247273855796217 0.304413108351091 0.2990512667198368 0.304413108351091
9 0.3386982149592093 0.12249864531837402 0.35946566403697655 0.12249864531837402 0.35946566403697655 0.16008982587125997 0.3386982149592093 0.16008982587125997
9 0.36928300360101096 0.12316991639967553 0.3900504526787782 0.12316991639967553 0.3900504526787782 0.1607610969525615 0.36928300360101096 0.1607610969525615
9 0.39949020225957993 0.1231699163996748 0.4304525808846148 0.1231699163996748 0.4304525808846148 0.15941855478995745 0.39949020225957993 0.15941855478995745
9 0.4395147404821852 0.1231699163996755 0.4602821895599524 0.1231699163996755 0.4602821895599524 0.16076109695256147 0.4395147404821852 0.16076109695256147
9 0.20616413084473464 0.12316991639967409 0.32888087539517413 0.12316991639967409 0.32888087539517413 0.1587472837086552 0.20616413084473464 0.1587472837086552
9 0.46972193914075466 0.12316991639967549 0.4904893882185219 0.12316991639967549 0.4904893882185219 0.16076109695256144 0.46972193914075466 0.16076109695256144
9 0.4995515478160912 0.12384118748097642 0.6041439731713891 0.12384118748097642 0.6041439731713891 0.15874728370865598 0.4995515478160912 0.15874728370865598
9 0.8013876688199055 0.12351387895948421 0.8217775279144398 0.12351387895948421 0.8217775279144398 0.15841997518716452 0.8013876688199055 0.15841997518716452
9 0.8312172774952425 0.12351387895948421 0.8516071365897768 0.12351387895948421 0.8516071365897768 0.15841997518716452 0.8312172774952425 0.15841997518716452
9 0.8610468861705798 0.12351387895948421 0.8814367452651141 0.12351387895948421 0.8814367452651141 0.15841997518716452 0.8610468861705798 0.15841997518716452
9 0.8916316748123811 0.12351387895948421 0.9120215339069155 0.12351387895948421 0.9120215339069155 0.15841997518716452 0.8916316748123811 0.15841997518716452
9 0.9214612834877154 0.12150006571557902 0.9497805322301269 0.12150006571557902 0.9497805322301269 0.15640616194325924 0.9214612834877154 0.15640616194325924
9 0.8927644447620774 0.0013425421626030892 0.9131543038566117 0.0013425421626030892 0.9131543038566117 0.03624863839028341 0.8927644447620774 0.03624863839028341
9 0.8685986858352213 0.001342542162603089 0.8889885449297555 0.001342542162603089 0.8889885449297555 0.03759118055288649 0.8685986858352213 0.03759118055288649
9 0.5583333333333333 0.31157407407407406 0.5739583333333333 0.31157407407407406 0.5739583333333333 0.3467592592592594 0.5583333333333333 0.3467592592592594
