9 0.2290859062447045 0.7567500632449256 0.6230819586443802 0.7567500632449256 0.6230819586443802 0.8126423536438226 0.2290859062447045 0.8126423536438226
9 0.627764424462373 0.7686420399255518 0.6444875166694898 0.7686420399255518 0.6444875166694898 0.7995611792951545 0.627764424462373 0.7995611792951545
9 0.650507829864052 0.7686420399255518 0.7053595723033953 0.7686420399255518 0.7053595723033953 0.800750376963216 0.650507829864052 0.800750376963216
9 0.7361300619644905 0.7686420399255518 0.7555288489247461 0.7686420399255518 0.7555288489247461 0.7995611792951545 0.7361300619644905 0.7995611792951545
11 0.38093158348532763 0.34766606543172895 0.40701960732843 0.34766606543172895 0.40701960732843 0.37858520480133173 0.38093158348532763 0.37858520480133173
11 0.3795937361087583 0.30800219602796636 0.5013378473765692 0.30800219602796636 0.5013378473765692 0.34129973073369246 0.3795937361087583 0.34129973073369246
9 0.009364931635985464 0.23427194060814427 0.02876371859624107 0.23427194060814427 0.02876371859624107 0.26400188230968546 0.009364931635985464 0.26400188230968546
9 0.01471632114226287 0.12248735981034958 0.036790802855657175 0.12248735981034958 0.036790802855657175 0.1617308828563839 0.01471632114226287 0.1617308828563839
9 0.17592693001886978 0.12248735981034958 0.1973324880439794 0.12248735981034958 0.1973324880439794 0.1617308828563839 0.17592693001886978 0.1617308828563839
9 0.20602849599168016 0.12248735981034958 0.3291104546360606 0.12248735981034958 0.3291104546360606 0.15816328985219893 0.20602849599168016 0.15816328985219893
9 0.3371375388954767 0.12248735981034958 0.3605498679854403 0.12248735981034958 0.3605498679854403 0.1593524875202606 0.3371375388954767 0.1593524875202606
9 0.3679080285565718 0.12129816214228792 0.39198928133482014 0.12129816214228792 0.39198928133482014 0.15935248752026057 0.3679080285565718 0.15935248752026057
9 0.39934744190595156 0.12248735981034958 0.4307868552553312 0.12248735981034958 0.4307868552553312 0.16054168518832226 0.39934744190595156 0.16054168518832226
9 0.4401517868913169 0.12367655747841118 0.4608884212281418 0.12367655747841118 0.4608884212281418 0.15935248752026054 0.4401517868913169 0.15935248752026054
9 0.4682465817992732 0.12248735981034958 0.4903210635126675 0.12248735981034958 0.4903210635126675 0.16054168518832226 0.4682465817992732 0.16054168518832226
9 0.4990170714603683 0.12248735981034958 0.5217604768620472 0.12248735981034958 0.5217604768620472 0.1593524875202606 0.4990170714603683 0.1593524875202606
9 0.5297875611214627 0.12486575514647266 0.6334707328055879 0.12486575514647266 0.6334707328055879 0.16054168518832193 0.5297875611214627 0.16054168518832193
2 0.7338092860482895 0.22000156859140454 0.7538769966968298 0.22000156859140454 0.7538769966968298 0.2556774986332539 0.7338092860482895 0.2556774986332539
9 0.8013296645794512 0.12367655747841118 0.8213973752279915 0.12367655747841118 0.8213973752279915 0.15816328985219893 0.8013296645794512 0.15816328985219893
9 0.8300933831756923 0.12248735981034953 0.8535057122656557 0.12248735981034953 0.8535057122656557 0.1605416851883219 0.8300933831756923 0.1605416851883219
9 0.8608638728367874 0.12248735981034958 0.882269430861897 0.12248735981034958 0.882269430861897 0.15816328985219893 0.8608638728367874 0.15816328985219893
9 0.8909654388095979 0.12248735981034958 0.9130399205229922 0.12248735981034958 0.9130399205229922 0.1593524875202606 0.8909654388095979 0.1593524875202606
9 0.9224048521589776 0.12129816214228792 0.9504996470669339 0.12129816214228792 0.9504996470669339 0.15578489451607566 0.9224048521589776 0.15578489451607566
2 0.9732430524686131 0.002378395336123292 0.9933107631171532 0.002378395336123292 0.9933107631171532 0.03567593004184939 0.9732430524686131 0.03567593004184939
9 0.8688909570962037 0.0 0.8902965151213131 0.0 0.8902965151213131 0.03686512770991103 0.8688909570962037 0.03686512770991103
9 0.8936411335627367 0.0 0.9143777678995615 0.0 0.9143777678995615 0.038054325377972674 0.8936411335627367 0.038054325377972674
3 0.9264183942886858 0.001189197668061646 0.9458171812489414 0.001189197668061646 0.9458171812489414 0.039243523046034325 0.9264183942886858 0.039243523046034325
4 0.9491617996903646 0.002378395336123292 0.9698984340271896 0.002378395336123292 0.9698984340271896 0.03924352304603433 0.9491617996903646 0.03924352304603433
9 0.7725659459832103 0.6778426707951383 0.799991817202882 0.6778426707951383 0.799991817202882 0.712329403168926 0.7725659459832103 0.712329403168926
9 0.8066810540857287 0.6778426707951383 0.8334380016171158 0.6778426707951383 0.8334380016171158 0.7111402055008644 0.8066810540857287 0.7111402055008644
9 0.8394583148116778 0.6778426707951383 0.868222033407919 0.6778426707951383 0.868222033407919 0.7111402055008644 0.8394583148116778 0.7111402055008644
9 0.8755801939790503 0.6778426707951383 0.917722386340985 0.6778426707951383 0.917722386340985 0.7111402055008644 0.8755801939790503 0.7111402055008644
9 0.05886528456905148 0.6790318684632 0.07625730046445306 0.6790318684632 0.07625730046445306 0.7135186008369876 0.05886528456905148 0.7135186008369876
9 0.08294653734729981 0.6778426707951382 0.12241303495609569 0.6778426707951382 0.12241303495609569 0.7123294031689258 0.08294653734729981 0.7123294031689258
9 0.12910227183894246 0.6778426707951384 0.1478321351109134 0.6778426707951384 0.1478321351109134 0.712329403168926 0.12910227183894246 0.712329403168926
9 0.008027084259416103 0.59935562470307 0.028094794907956355 0.59935562470307 0.028094794907956355 0.638599147749104 0.008027084259416103 0.638599147749104
1 0.07291268202302968 0.4625978928759803 0.08227761365901515 0.4625978928759803 0.08227761365901515 0.4840034509010899 0.07291268202302968 0.4840034509010899
1 0.072243758334745 0.4887602415733366 0.0836154610355845 0.4887602415733366 0.0836154610355845 0.5077874042623228 0.072243758334745 0.5077874042623228
11 0.38177083333333345 0.4930555555555556 0.4406250000000001 0.4930555555555556 0.4406250000000001 0.5273148148148148 0.38177083333333345 0.5273148148148148
11 0.5093750000000001 0.4930555555555556 0.5692708333333335 0.4930555555555556 0.5692708333333335 0.525462962962963 0.5093750000000001 0.525462962962963
7 0.46093750000000017 0.4986111111111111 0.4750000000000002 0.4986111111111111 0.4750000000000002 0.5217592592592593 0.46093750000000017 0.5217592592592593
9 0.503125 0.3078703703703704 0.5182291666666667 0.3078703703703704 0.5182291666666667 0.34305555555555567 0.503125 0.34305555555555567
6 0.3807291666666666 0.6421296296296296 0.5697916666666667 0.6421296296296296 0.5697916666666667 0.6754629629629629 0.3807291666666666 0.6754629629629629
