9 0.03789907365048812 0.5961058297407124 0.058381060901431955 0.5961058297407124 0.058381060901431955 0.6239506228661784 0.03789907365048812 0.6239506228661784
9 0.06058990266378865 0.5964628142679619 0.11340130116377131 0.5964628142679619 0.11340130116377131 0.6246645919206777 0.06058990266378865 0.6246645919206777
9 0.11561014292612802 0.5964628142679619 0.13629293397364975 0.5964628142679619 0.13629293397364975 0.6246645919206777 0.11561014292612802 0.6246645919206777
9 0.1378993643462726 0.5961058297407124 0.2826789016789249 0.5961058297407124 0.2826789016789249 0.6235936383389288 0.1378993643462726 0.6235936383389288
9 0.2846869396447037 0.5968197987952115 0.3051689268956475 0.5968197987952115 0.3051689268956475 0.6246645919206777 0.2846869396447037 0.6246645919206777
9 0.3067753572682706 0.5968197987952115 0.32725734451921445 0.5968197987952115 0.32725734451921445 0.6250215764479273 0.3067753572682706 0.6250215764479273
9 0.32926538248499326 0.5961058297407124 0.3497473697359371 0.5961058297407124 0.3497473697359371 0.6246645919206777 0.32926538248499326 0.6246645919206777
9 0.35195621149829376 0.596462814267962 0.37203659115608184 0.596462814267962 0.37203659115608184 0.624307607393428 0.35195621149829376 0.624307607393428
9 0.37424543291843854 0.5961058297407124 0.39452661637280456 0.5961058297407124 0.39452661637280456 0.6239506228661784 0.37424543291843854 0.6239506228661784
9 0.39653465433858337 0.5968197987952115 0.41681583779294934 0.5968197987952115 0.41681583779294934 0.6239506228661784 0.39653465433858337 0.6239506228661784
9 0.41902467955530603 0.596462814267962 0.4391050592130942 0.596462814267962 0.4391050592130942 0.624307607393428 0.41902467955530603 0.624307607393428
9 0.4413139009754508 0.5964628142679619 0.46139428063323884 0.5964628142679619 0.46139428063323884 0.6243076073934282 0.4413139009754508 0.6243076073934282
9 0.46360312239559565 0.5964628142679619 0.4838843058499616 0.5964628142679619 0.4838843058499616 0.6246645919206777 0.46360312239559565 0.6246645919206777
9 0.48609314761231753 0.596819798795213 0.6352903684696838 0.596819798795213 0.6352903684696838 0.6246645919206788 0.48609314761231753 0.6246645919206788
9 0.6368967988423068 0.596462814267962 0.6943266846635807 0.596462814267962 0.6943266846635807 0.6246645919206777 0.6368967988423068 0.6246645919206777
9 0.6963347226293596 0.596462814267962 0.7168167098803034 0.596462814267962 0.7168167098803034 0.6246645919206777 0.6963347226293596 0.6246645919206777
9 0.7186239440495042 0.5961058297407124 0.7389051275038703 0.5961058297407124 0.7389051275038703 0.6239506228661784 0.7186239440495042 0.6239506228661784
9 0.7413147730628047 0.5961058297407124 0.7816763361749588 0.5961058297407124 0.7816763361749588 0.6246645919206776 0.7413147730628047 0.6246645919206776
9 0.7840859817338935 0.5968197987952115 0.8248491524392033 0.5968197987952115 0.8248491524392033 0.6250215764479273 0.7840859817338935 0.6250215764479273
9 0.8266563866084037 0.5971767833224603 0.8672187535171363 0.5971767833224603 0.8672187535171363 0.6246645919206767 0.8266563866084037 0.6246645919206767
9 0.8694275952794926 0.596462814267962 0.9099899621882248 0.596462814267962 0.9099899621882248 0.624307607393428 0.8694275952794926 0.624307607393428
9 0.9119980001540022 0.5964628142679627 0.9694278859752774 0.5964628142679627 0.9694278859752774 0.6247835849473774 0.9119980001540022 0.6247835849473774
9 0.9714858608859409 0.5961058297407125 0.9917670443403069 0.5961058297407125 0.9917670443403069 0.6239506228661785 0.9714858608859409 0.6239506228661785
1 0.04136558209504346 0.43046500909691365 0.05100416433078174 0.43046500909691365 0.05100416433078174 0.448314235459392 0.04136558209504346 0.448314235459392
1 0.041566385891621344 0.4533120188408859 0.050401752941048095 0.4533120188408859 0.050401752941048095 0.469733307094366 0.041566385891621344 0.469733307094366
2 0.9789833415333002 0.31813053289749255 0.9977155806014456 0.31813053289749255 0.9977155806014456 0.35062005323248724 0.9789833415333002 0.35062005323248724
