9 0.030722669630531094 0.006324198660787688 0.09960612890740608 0.006324198660787688 0.09960612890740608 0.033920701907861235 0.030722669630531094 0.033920701907861235
9 0.10025292195225938 0.006324198660787688 0.13323936723977697 0.006324198660787688 0.13323936723977697 0.03334577475688053 0.10025292195225938 0.03334577475688053
9 0.13453295332948353 0.005749271509806988 0.1726937429758274 0.005749271509806988 0.1726937429758274 0.03334577475688053 0.13453295332948353 0.03334577475688053
9 0.17431072558796057 0.005174344358826285 0.2221734109071039 0.005174344358826285 0.2221734109071039 0.03238755991434866 0.17431072558796057 0.03238755991434866
9 0.22411379004166368 0.006324198660787688 0.2603342005534477 0.006324198660787688 0.2603342005534477 0.03162099330393844 0.22411379004166368 0.03162099330393844
9 0.8699945979844892 0.0022997086039227956 0.8887515962852348 0.0022997086039227956 0.8887515962852348 0.036795337662764736 0.8699945979844892 0.036795337662764736
9 0.8926323545543543 0.0022997086039227956 0.9133297319896594 0.0022997086039227956 0.9133297319896594 0.03622041051178403 0.8926323545543543 0.03622041051178403
9 0.8687010118947828 0.12475919176281165 0.8900451823749411 0.12475919176281165 0.8900451823749411 0.1592548208216536 0.8687010118947828 0.1592548208216536
9 0.8987768884804607 0.12360933746085026 0.9201210589606191 0.12360933746085026 0.9201210589606191 0.1592548208216536 0.8987768884804607 0.1592548208216536
9 0.9294995581109918 0.12303441030986956 0.9498735390238701 0.12303441030986956 0.9498735390238701 0.1592548208216536 0.9294995581109918 0.1592548208216536
2 0.9738048816834418 0.0011498543019613978 0.9928852765066137 0.0011498543019613978 0.9928852765066137 0.037370264813745425 0.9738048816834418 0.037370264813745425
3 0.9269123859315787 0.0005749271509806989 0.946639573799604 0.0005749271509806989 0.946639573799604 0.03737026481374543 0.9269123859315787 0.03737026481374543
4 0.9495501425014435 0.0011498543019613978 0.9702475199367486 0.0011498543019613978 0.9702475199367486 0.037370264813745425 0.9495501425014435 0.037370264813745425
9 0.014876240031625583 0.12245948315888887 0.034926824422077445 0.12245948315888887 0.034926824422077445 0.15867989367067292 0.014876240031625583 0.15867989367067292
9 0.17625110472252048 0.12360933746085026 0.24060701268542242 0.12360933746085026 0.24060701268542242 0.1592548208216536 0.17625110472252048 0.1592548208216536
9 0.2503089083582218 0.12360933746085026 0.3250135050387763 0.12360933746085026 0.3250135050387763 0.15867989367067292 0.2503089083582218 0.15867989367067292
9 0.3347154007115735 0.12360933746085018 0.39648413649506453 0.12360933746085018 0.39648413649506453 0.15944646028108297 0.3347154007115735 0.15944646028108297
9 0.40553923912301043 0.12418426461183095 0.4802438358035649 0.12418426461183095 0.4802438358035649 0.1575300393687115 0.40553923912301043 0.1575300393687115
9 0.4896223349539376 0.12475919176281165 0.5733820342624382 0.12475919176281165 0.5733820342624382 0.1592548208216536 0.4896223349539376 0.1592548208216536
9 0.5834073264576641 0.12475919176281165 0.6260956674179811 0.12475919176281165 0.6260956674179811 0.15867989367067287 0.5834073264576641 0.15867989367067287
6 0.04479166666666667 0.12407407407407404 0.1661458333333333 0.12407407407407404 0.1661458333333333 0.15648148148148144 0.04479166666666667 0.15648148148148144
9 0.7729166666666667 0.0018518518518518517 0.79375 0.0018518518518518517 0.79375 0.03518518518518519 0.7729166666666667 0.03518518518518519
9 0.7989583333333333 0.0009259259259259259 0.8625 0.0009259259259259259 0.8625 0.03611111111111111 0.7989583333333333 0.03611111111111111
9 0.05677083333333333 0.3074074074074074 0.07395833333333333 0.3074074074074074 0.07395833333333333 0.34074074074074073 0.05677083333333333 0.34074074074074073
