9 0.03059331102156044 0.006324198660787688 0.09960612890740608 0.006324198660787688 0.09960612890740608 0.03162099330393844 0.03059331102156044 0.03162099330393844
9 0.1010290736060833 0.005691778794708919 0.13340106550099032 0.005691778794708919 0.13340106550099032 0.03162099330393844 0.1010290736060833 0.03162099330393844
9 0.1337568016756596 0.005691778794708919 0.17217630853994484 0.005691778794708919 0.17217630853994484 0.03288583303609597 0.1337568016756596 0.03288583303609597
9 0.17395498941329135 0.006324198660787688 0.22197937299364784 0.006324198660787688 0.22197937299364784 0.03288583303609598 0.17395498941329135 0.03288583303609598
9 0.014585183161441605 0.12332187388535992 0.03486214511759213 0.12332187388535992 0.03486214511759213 0.15873738638577098 0.014585183161441605 0.15873738638577098
9 0.22340231769232508 0.006956618526866457 0.2603988798579331 0.006956618526866457 0.2603988798579331 0.03162099330393844 0.22340231769232508 0.03162099330393844
9 0.1771566149853151 0.12268945401928114 0.24083339025112113 0.12268945401928114 0.24083339025112113 0.15873738638577098 0.1771566149853151 0.15873738638577098
9 0.25043826696719246 0.12268945401928114 0.32514286364774697 0.12268945401928114 0.32514286364774697 0.1581049665196922 0.25043826696719246 0.1581049665196922
9 0.3351034765384876 0.12395429375143868 0.39557862623226986 0.12395429375143868 0.39557862623226986 0.15894818979114342 0.3351034765384876 0.15894818979114342
9 0.40625071147234915 0.12458671361751746 0.4798880996288958 0.12458671361751746 0.4798880996288958 0.15873738638577098 0.40625071147234915 0.15873738638577098
9 0.49020444869430563 0.12332187388535992 0.5741581859162622 0.12332187388535992 0.5741581859162622 0.15873738638577098 0.49020444869430563 0.15873738638577098
9 0.5837630626323336 0.12332187388535992 0.6250284588939732 0.12332187388535992 0.6250284588939732 0.15873738638577098 0.5837630626323336 0.15873738638577098
9 0.8687333515470254 0.0006324198660787688 0.8890103135031759 0.0006324198660787688 0.8890103135031759 0.03731277209864735 0.8687333515470254 0.03731277209864735
9 0.8925676752498691 0.0006324198660787688 0.9139118457300275 0.0006324198660787688 0.9139118457300275 0.03731277209864735 0.8925676752498691 0.03731277209864735
9 0.8690890877216947 0.12332187388535992 0.8893660496778452 0.12332187388535992 0.8893660496778452 0.15873738638577098 0.8690890877216947 0.15873738638577098
9 0.8986151902192474 0.12332187388535992 0.9196036245247364 0.12332187388535992 0.9196036245247364 0.1600022261179285 0.8986151902192474 0.1600022261179285
9 0.9292085012408076 0.12205703415320239 0.949485463196958 0.12205703415320239 0.949485463196958 0.15936980625184974 0.9292085012408076 0.15936980625184974
2 0.9733197868998019 0.0006324198660787688 0.9928852765066137 0.0006324198660787688 0.9928852765066137 0.036680352232568596 0.9733197868998019 0.036680352232568596
3 0.9260068756687839 0.0006324198660787688 0.9459281014502652 0.0006324198660787688 0.9459281014502652 0.036680352232568596 0.9260068756687839 0.036680352232568596
4 0.949485463196958 0.0006324198660787688 0.9708296336771167 0.0006324198660787688 0.9708296336771167 0.03731277209864735 0.949485463196958 0.03731277209864735
9 0.08359800104728725 0.2314656709848294 0.1494091933611091 0.2314656709848294 0.1494091933611091 0.2668811834852404 0.08359800104728725 0.2668811834852404
9 0.1636386403478814 0.2314656709848294 0.2312285135350498 0.2314656709848294 0.2312285135350498 0.2668811834852404 0.1636386403478814 0.2668811834852404
9 0.08288652869794863 0.30545879531604536 0.1494091933611091 0.30545879531604536 0.1494091933611091 0.34024188795037763 0.08288652869794863 0.34024188795037763
9 0.1636386403478814 0.3067236350482029 0.2312285135350498 0.3067236350482029 0.2312285135350498 0.34087430781645633 0.1636386403478814 0.34087430781645633
9 0.08395373722195655 0.38008433951334 0.15012066571044766 0.38008433951334 0.15012066571044766 0.415499852013751 0.08395373722195655 0.415499852013751
9 0.021344170480158447 0.5287030080418507 0.08893404366732686 0.5287030080418507 0.08893404366732686 0.563486100676183 0.021344170480158447 0.563486100676183
9 0.10351922682876845 0.5293354279079295 0.15047640188511704 0.5293354279079295 0.15047640188511704 0.5628536808101043 0.10351922682876845 0.5628536808101043
9 0.16435011269722014 0.5293354279079295 0.23122851353504983 0.5293354279079295 0.23122851353504983 0.5617996444833192 0.16435011269722014 0.5617996444833192
9 0.021699906654827752 0.6393764846056352 0.08928977984199618 0.6393764846056352 0.08928977984199618 0.6735271573738886 0.021699906654827752 0.6735271573738886
9 0.10245201830476054 0.6381116448734776 0.17039762766659822 0.6381116448734776 0.17039762766659822 0.6747919971060462 0.10245201830476054 0.6747919971060462
11 0.10351922682876845 0.8259403450988719 0.21059581540423 0.8259403450988719 0.21059581540423 0.8575613384028105 0.10351922682876845 0.8575613384028105
9 0.7739583333333334 0.0018518518518518517 0.7927083333333333 0.0018518518518518517 0.7927083333333333 0.03518518518518519 0.7739583333333334 0.03518518518518519
9 0.7994791666666667 0.0009259259259259259 0.8625000000000002 0.0009259259259259259 0.8625000000000002 0.03611111111111111 0.7994791666666667 0.03611111111111111
6 0.04479166666666667 0.12314814814814815 0.1661458333333333 0.12314814814814815 0.1661458333333333 0.15462962962962962 0.04479166666666667 0.15462962962962962
