6 0.3656761393650059 0.2125395918087594 0.5063963743159519 0.2125395918087594 0.5063963743159519 0.2409679221018798 0.3656761393650059 0.2409679221018798
6 0.3656761393650059 0.24340463612700453 0.5068532581956628 0.24340463612700453 0.5068532581956628 0.2710207284117501 0.3656761393650059 0.2710207284117501
11 0.37892577187662096 0.27589415646199933 0.45294096038978093 0.27589415646199933 0.45294096038978093 0.3026980107383701 0.37892577187662096 0.3026980107383701
1 0.5557398333247253 0.21903749587575852 0.5644206270392317 0.21903749587575852 0.5644206270392317 0.23447001803488102 0.5557398333247253 0.23447001803488102
1 0.5552829494450139 0.2507147782023784 0.5644206270392313 0.2507147782023784 0.5644206270392313 0.265335062353126 0.5552829494450139 0.265335062353126
1 0.5552829494450143 0.31244486683886846 0.5648775109189424 0.31244486683886846 0.5648775109189424 0.32868962700636584 0.5552829494450143 0.32868962700636584
1 0.5561967172044361 0.3449343871738632 0.5644206270392317 0.3449343871738632 0.5644206270392317 0.35955467132461083 0.5561967172044361 0.35955467132461083
11 0.3656761393650059 0.30757143878861926 0.45248407651007005 0.30757143878861926 0.45248407651007005 0.333563055056615 0.3656761393650059 0.333563055056615
11 0.3652192554852951 0.33843648310686425 0.4387775601187442 0.33843648310686425 0.4387775601187442 0.3652403373832349 0.3652192554852951 0.3652403373832349
9 0.25693777599382034 0.4001665717433543 0.43877756011874414 0.4001665717433543 0.43877756011874414 0.4294071400448496 0.25693777599382034 0.4294071400448496
9 0.7782422827439162 0.894409058911267 0.7983451734511942 0.894409058911267 0.7983451734511942 0.9228373892043874 0.7782422827439162 0.9228373892043874
2 0.8073138154490961 0.1031542270636084 0.8255891706375308 0.1031542270636084 0.8255891706375308 0.13726822341535297 0.8073138154490961 0.13726822341535297
9 0.453125 0.27638888888888885 0.46458333333333335 0.27638888888888885 0.46458333333333335 0.30416666666666664 0.453125 0.30416666666666664
