9 0.01507716803045851 0.12419119148051747 0.035682631005418464 0.12419119148051747 0.035682631005418464 0.16082312565822404 0.01507716803045851 0.16082312565822404
9 0.17590029368868257 0.12419119148051747 0.19751090119900644 0.12419119148051747 0.19751090119900644 0.15814274023058703 0.17590029368868257 0.15814274023058703
9 0.20454691294655383 0.12329772967130502 0.32968740759935944 0.12329772967130502 0.32968740759935944 0.16022747990770062 0.20454691294655383 0.16022747990770062
9 0.3372259916145887 0.12151080605288037 0.3613494604633224 0.12151080605288037 0.3613494604633224 0.16171658746743645 0.3372259916145887 0.16171658746743645
9 0.3663751831401418 0.12240426786209274 0.39301151332728507 0.12240426786209274 0.39301151332728507 0.1617165874674364 0.3663751831401418 0.1617165874674364
9 0.39602694693337676 0.1215108060528804 0.4221607048528382 0.1215108060528804 0.4221607048528382 0.16171658746743642 0.39602694693337676 0.16171658746743642
9 0.4271864275296578 0.12061734424366809 0.45231504091375524 0.12061734424366809 0.45231504091375524 0.16171658746743642 0.4271864275296578 0.16171658746743642
9 0.4583459081259386 0.12061734424366809 0.48347452151003617 0.12061734424366809 0.48347452151003617 0.16171658746743642 0.4583459081259386 0.16171658746743642
9 0.4890028164545377 0.1215108060528804 0.5950455649354291 0.1215108060528804 0.5950455649354291 0.16082312565822404 0.4890028164545377 0.16082312565822404
9 0.8673209213319649 0.000893461809212356 0.8904392456453347 0.000893461809212356 0.8904392456453347 0.03663193417770659 0.8673209213319649 0.03663193417770659
9 0.8924495347160625 0.001786923618424712 0.9140601422263863 0.001786923618424712 0.9140601422263863 0.03663193417770659 0.8924495347160625 0.03663193417770659
9 0.7999762374625835 0.12061734424366809 0.8240997063113172 0.12061734424366809 0.8240997063113172 0.16171658746743642 0.7999762374625835 0.16171658746743642
9 0.8291254289881368 0.11972388243445573 0.8532488978368702 0.11972388243445573 0.8532488978368702 0.16171658746743642 0.8291254289881368 0.16171658746743642
9 0.8607874818520996 0.1215108060528804 0.8854135229685152 0.1215108060528804 0.8854135229685152 0.16082312565822404 0.8607874818520996 0.16082312565822404
9 0.8904392456453347 0.1215108060528804 0.9135575699587045 0.1215108060528804 0.9135575699587045 0.16082312565822404 0.8904392456453347 0.16082312565822404
9 0.919085864903206 0.11883042062524335 0.9532607791055784 0.11883042062524335 0.9532607791055784 0.15814274023058703 0.919085864903206 0.15814274023058703
9 0.4200316030950294 0.41188589404689613 0.4416422106053532 0.41188589404689613 0.4416422106053532 0.452091675461452 0.4200316030950294 0.452091675461452
9 0.4421447828730352 0.41188589404689613 0.46425796265104113 0.41188589404689613 0.46425796265104113 0.452091675461452 0.4421447828730352 0.452091675461452
9 0.008095939479865356 0.4127793558561085 0.02859183606091703 0.4127793558561085 0.02859183606091703 0.45209167546145207 0.008095939479865356 0.45209167546145207
11 0.1774080104917284 0.5628809398037843 0.29852792700307845 0.5628809398037843 0.29852792700307845 0.5968324885538537 0.1774080104917284 0.5968324885538537
11 0.4482944627722996 0.6754571277645411 0.47442822069176105 0.6754571277645411 0.47442822069176105 0.7067282910869737 0.4482944627722996 0.7067282910869737
11 0.6518362311834894 0.5637744016129966 0.6910368680626815 0.5637744016129966 0.6910368680626815 0.5977259503630662 0.6518362311834894 0.5977259503630662
11 0.44918079462058247 0.7120890619422479 0.4748119802723619 0.7120890619422479 0.4748119802723619 0.7451471488831048 0.44918079462058247 0.7451471488831048
1 0.03668777554078237 0.6828210577296135 0.046236648626739416 0.6828210577296135 0.046236648626739416 0.7006902939138606 0.03668777554078237 0.7006902939138606
1 0.036185203273100416 0.7194529919073203 0.046739220894421375 0.7194529919073203 0.046739220894421375 0.7382156899007797 0.036185203273100416 0.7382156899007797
2 0.9733636698128565 0.000893461809212356 0.9929639882524525 0.000893461809212356 0.9929639882524525 0.03663193417770659 0.9733636698128565 0.03663193417770659
3 0.927127021186117 0.000893461809212356 0.9462247673580312 0.000893461809212356 0.9462247673580312 0.03573847236849424 0.927127021186117 0.03573847236849424
4 0.9492402009641229 0.000893461809212356 0.9708508084744467 0.000893461809212356 0.9708508084744467 0.03752539598691896 0.9492402009641229 0.03752539598691896
6 0.1234375 0.4152777777777777 0.4 0.4152777777777777 0.4 0.45046296296296295 0.1234375 0.45046296296296295
11 0.46354166666666663 0.5652777777777778 0.5348958333333333 0.5652777777777778 0.5348958333333333 0.5949074074074073 0.46354166666666663 0.5949074074074073
11 0.4484375 0.5652777777777778 0.45989583333333334 0.5652777777777778 0.45989583333333334 0.5949074074074073 0.4484375 0.5949074074074073
11 0.4484375 0.6375 0.5229166666666667 0.6375 0.5229166666666667 0.6699074074074074 0.4484375 0.6699074074074074
11 0.6932291666666667 0.5634259259259259 0.7041666666666665 0.5634259259259259 0.7041666666666665 0.5967592592592592 0.6932291666666667 0.5967592592592592
11 0.178125 0.6004629629629629 0.29791666666666666 0.6004629629629629 0.29791666666666666 0.6328703703703704 0.178125 0.6328703703703704
11 0.17760416666666665 0.6384259259259258 0.2989583333333333 0.6384259259259258 0.2989583333333333 0.6699074074074073 0.17760416666666665 0.6699074074074073
6 0.045312500000000006 0.12314814814814812 0.1666666666666666 0.12314814814814812 0.1666666666666666 0.1564814814814817 0.045312500000000006 0.1564814814814817
9 0.7734375 0.0009259259259259259 0.7932291666666667 0.0009259259259259259 0.7932291666666667 0.03611111111111111 0.7734375 0.03611111111111111
9 0.7994791666666667 0.0 0.8635416666666668 0.0 0.8635416666666668 0.03611111111111111 0.7994791666666667 0.03611111111111111
