5 0.04682465817992732 0.25728704265904384 0.10702779012554817 0.25728704265904384 0.10702779012554817 0.27988179835221516 0.04682465817992732 0.27988179835221516
5 0.23010974876992854 0.33934168175529744 0.262218085807593 0.33934168175529744 0.262218085807593 0.3595580421123454 0.23010974876992854 0.3595580421123454
5 0.04682465817992732 0.4154503325112428 0.2113798854979576 0.4154503325112428 0.2113798854979576 0.43923428587247576 0.04682465817992732 0.43923428587247576
5 0.04615573449164252 0.4380450882044116 0.2796101017029944 0.4380450882044116 0.2796101017029944 0.46063984389758283 0.04615573449164252 0.46063984389758283
5 0.04682465817992718 0.46301823923370505 0.2889750333389797 0.46301823923370505 0.2889750333389797 0.4832345995907529 0.04682465817992718 0.4832345995907529
5 0.046824658179927085 0.48323459959075005 0.1886364800962784 0.48323459959075005 0.1886364800962784 0.5034509599477976 0.046824658179927085 0.5034509599477976
5 0.04615573449164263 0.5046401576158662 0.21204880918624194 0.5046401576158662 0.21204880918624194 0.5248565179729134 0.04615573449164263 0.5248565179729134
5 0.04682465817992732 0.5272349133090376 0.19532571697912537 0.5272349133090376 0.19532571697912537 0.5462620759980238 0.04682465817992732 0.5462620759980238
5 0.04615573449164265 0.5474512736660855 0.1364604324100739 0.5474512736660855 0.1364604324100739 0.5664784363550719 0.04615573449164265 0.5664784363550719
9 0.43265531613061853 0.3401015710240326 0.4527582068378965 0.3401015710240326 0.4527582068378965 0.3794138906293762 0.43265531613061853 0.3794138906293762
9 0.43265531613061853 0.2328861539185499 0.4522556345702145 0.2328861539185499 0.4522556345702145 0.2668377026686194 0.43265531613061853 0.2668377026686194
9 0.43265531613061853 0.2686246262870441 0.4527582068378965 0.2686246262870441 0.4527582068378965 0.3052565604647507 0.43265531613061853 0.3052565604647507
11 0.6025247426071179 0.19625421974084328 0.6753977214210006 0.19625421974084328 0.6753977214210006 0.22931230668170047 0.6025247426071179 0.22931230668170047
1 0.7110803524264191 0.20250845240532978 0.72163437004774 0.20250845240532978 0.72163437004774 0.22127115039878925 0.7110803524264191 0.22127115039878925
9 0.8462722924328635 0.34367541826088216 0.8658726108724597 0.34367541826088216 0.8658726108724597 0.3794138906293763 0.8462722924328635 0.3794138906293763
9 0.8668777554078233 0.3418884946424574 0.8859755015797378 0.3418884946424574 0.8859755015797378 0.3794138906293763 0.8668777554078233 0.3794138906293763
9 0.8004788097302658 0.1215108060528804 0.8220894172405894 0.1215108060528804 0.8220894172405894 0.15992966384901172 0.8004788097302658 0.15992966384901172
9 0.8316382903265466 0.12240426786209274 0.8517411810338247 0.12240426786209274 0.8517411810338247 0.15992966384901172 0.8316382903265466 0.15992966384901172
9 0.8607874818520996 0.1215108060528804 0.8829006616301055 0.1215108060528804 0.8829006616301055 0.15992966384901172 0.8607874818520996 0.15992966384901172
9 0.8904392456453348 0.12240426786209274 0.9125524254233408 0.12240426786209274 0.9125524254233408 0.15903620203979935 0.8904392456453348 0.15903620203979935
9 0.9221012985092976 0.12240426786209274 0.950245345499487 0.12240426786209274 0.950245345499487 0.15546235480294993 0.9221012985092976 0.15546235480294993
9 0.8693312104026922 0.000893461809212356 0.8894341011099705 0.000893461809212356 0.8894341011099705 0.03841885779613131 0.8693312104026922 0.03841885779613131
9 0.8919469624483806 0.000893461809212356 0.9140601422263864 0.000893461809212356 0.9140601422263864 0.03841885779613131 0.8919469624483806 0.03841885779613131
2 0.9733636698128566 0.000893461809212356 0.9929639882524527 0.000893461809212356 0.9929639882524527 0.03663193417770659 0.9733636698128566 0.03663193417770659
4 0.9492402009641229 0.000893461809212356 0.9703482362067647 0.000893461809212356 0.9703482362067647 0.03841885779613131 0.9492402009641229 0.03841885779613131
3 0.9256193043830713 0.001786923618424712 0.9462247673580314 0.001786923618424712 0.9462247673580314 0.03663193417770659 0.9256193043830713 0.03663193417770659
9 0.014574595762776558 0.1232977296713051 0.03668777554078237 0.1232977296713051 0.03668777554078237 0.15992966384901172 0.014574595762776558 0.15992966384901172
9 0.17590029368868257 0.12419119148051747 0.19751090119900644 0.12419119148051747 0.19751090119900644 0.15992966384901172 0.17590029368868257 0.15992966384901172
9 0.20504948521423583 0.12240426786209266 0.32868226306399545 0.12240426786209266 0.32868226306399545 0.15933401809848827 0.20504948521423583 0.15933401809848827
9 0.3392362806853164 0.12508465328972984 0.3593391713925945 0.12508465328972984 0.3593391713925945 0.15992966384901172 0.3392362806853164 0.15992966384901172
9 0.36838547221086965 0.12240426786209274 0.39049865198887534 0.12240426786209274 0.39049865198887534 0.15992966384901172 0.36838547221086965 0.15992966384901172
9 0.3975346637364227 0.12061734424366809 0.43070443340343145 0.12061734424366809 0.43070443340343145 0.16082312565822404 0.3975346637364227 0.16082312565822404
9 0.43774044515097865 0.12240426786209274 0.46286905853507615 0.12240426786209274 0.46286905853507615 0.1617165874674364 0.43774044515097865 0.1617165874674364
9 0.4688999257472596 0.1232977296713051 0.49201825006062927 0.1232977296713051 0.49201825006062927 0.15992966384901172 0.4688999257472596 0.15992966384901172
9 0.4995568340758585 0.1232977296713051 0.6040918657537041 0.1232977296713051 0.6040918657537041 0.15903620203979937 0.4995568340758585 0.15903620203979937
6 0.5473958333333334 0.34305555555555556 0.825 0.34305555555555556 0.825 0.3773148148148148 0.5473958333333334 0.3773148148148148
6 0.46093750000000017 0.19675925925925924 0.5989583333333334 0.19675925925925924 0.5989583333333334 0.2300925925925926 0.46093750000000017 0.2300925925925926
9 0.43281250000000004 0.19490740740740742 0.4583333333333333 0.19490740740740742 0.4583333333333333 0.2300925925925926 0.43281250000000004 0.2300925925925926
6 0.04479166666666667 0.12314814814814815 0.1661458333333333 0.12314814814814815 0.1661458333333333 0.15648148148148147 0.04479166666666667 0.15648148148148147
9 0.7739583333333334 0.0018518518518518517 0.7921875 0.0018518518518518517 0.7921875 0.03611111111111111 0.7739583333333334 0.03611111111111111
9 0.7994791666666667 0.0009259259259259259 0.8619791666666667 0.0009259259259259259 0.8619791666666667 0.03611111111111111 0.7994791666666667 0.03611111111111111
