8 0.28655253219279886 0.782701153381463 0.5900006416964838 0.782701153381463 0.5900006416964838 0.8399988592062515 0.28655253219279886 0.8399988592062515
9 0.5936493163598546 0.7935120412729324 0.6118926896767094 0.7935120412729324 0.6118926896767094 0.8270257937364879 0.5936493163598546 0.8270257937364879
9 0.6179738141156611 0.7945931300620793 0.6654065847394837 0.7945931300620793 0.6654065847394837 0.8259447049473407 0.6179738141156611 0.8259447049473407
9 0.7117547015936944 0.6789166296233557 0.7312142997983394 0.6789166296233557 0.7312142997983394 0.7113492932977642 0.7117547015936944 0.7113492932977642
9 0.7360791993495007 0.6799977184125026 0.7652685966564685 0.6799977184125026 0.7652685966564685 0.7113492932977643 0.7360791993495007 0.7113492932977643
9 0.770741608651525 0.6789166296233557 0.7993228935145975 0.6789166296233557 0.7993228935145975 0.7124303820869111 0.770741608651525 0.7124303820869111
9 0.8047959055096539 0.6799977184125026 0.8339853028166215 0.6799977184125026 0.8339853028166215 0.7102682045086173 0.8047959055096539 0.7102682045086173
9 0.8388502023677827 0.6778355408342088 0.8686477121186456 0.6778355408342088 0.8686477121186456 0.7113492932977644 0.8388502023677827 0.7113492932977644
9 0.8729044992259118 0.6799977184125026 0.9191210449619439 0.6799977184125026 0.9191210449619439 0.7113492932977643 0.8729044992259118 0.7113492932977643
2 0.6691868305210332 0.24648111396457523 0.6898626536134685 0.24648111396457523 0.6898626536134685 0.28107595521727763 0.6691868305210332 0.28107595521727763
9 0.47519896091847696 0.19458885208552157 0.49587478401091245 0.19458885208552157 0.49587478401091245 0.23026478212737092 0.47519896091847696 0.23026478212737092
1 0.07236538082352403 0.4648610493722593 0.08270329236974175 0.4648610493722593 0.08270329236974175 0.4821584699986105 0.07236538082352403 0.4821584699986105
1 0.07175726837962888 0.48972609152263913 0.08270329236974176 0.48972609152263913 0.08270329236974176 0.5070235121489903 0.07175726837962888 0.5070235121489903
9 0.00729734932674192 0.23243408966659448 0.027973172419177364 0.23243408966659448 0.027973172419177364 0.2670289309192969 0.00729734932674192 0.2670289309192969
9 0.01459469865348384 0.12432521075189937 0.03648674663370959 0.12432521075189937 0.03648674663370959 0.1610822295828957 0.01459469865348384 0.1610822295828957
9 0.1745282713979109 0.12432521075189937 0.19763654426592706 0.12432521075189937 0.19763654426592706 0.1610822295828957 0.1745282713979109 0.1610822295828957
9 0.20432578114877373 0.12324412196275242 0.3295969445911766 0.12324412196275242 0.3295969445911766 0.16000114079374878 0.20432578114877373 0.16000114079374878
9 0.33750240636181383 0.12432521075189937 0.36000256678593473 0.12432521075189937 0.36000256678593473 0.15892005200460177 0.33750240636181383 0.15892005200460177
9 0.368516141000467 0.12432521075189937 0.3904081889806928 0.12432521075189937 0.3904081889806928 0.15892005200460177 0.368516141000467 0.15892005200460177
9 0.3983136507513298 0.12324412196275242 0.43115172272166835 0.12324412196275242 0.43115172272166835 0.16000114079374878 0.3983136507513298 0.16000114079374878
9 0.4378409596045152 0.12108194438445852 0.4615573449164264 0.12108194438445852 0.4615573449164264 0.16108222958289567 0.4378409596045152 0.16108222958289567
9 0.4682465817992732 0.12216303317360547 0.4913548546672893 0.12216303317360547 0.4913548546672893 0.1610822295828957 0.4682465817992732 0.1610822295828957
9 0.49804409155013624 0.12108194438445848 0.5217604768620476 0.12108194438445848 0.5217604768620476 0.16000114079374872 0.49804409155013624 0.16000114079374872
9 0.5290578261887892 0.12216303317360547 0.6354775038704422 0.12216303317360547 0.6354775038704422 0.1589200520046018 0.5290578261887892 0.1589200520046018
9 0.8005391184023877 0.12216303317360547 0.8224311663826135 0.12216303317360547 0.8224311663826135 0.1589200520046018 0.8005391184023877 0.1589200520046018
9 0.8303366281532506 0.12324412196275242 0.8528367885773718 0.12324412196275242 0.8528367885773718 0.1589200520046018 0.8303366281532506 0.1589200520046018
9 0.8607422503480084 0.12216303317360547 0.8832424107721294 0.12216303317360547 0.8832424107721294 0.1589200520046018 0.8607422503480084 0.1589200520046018
9 0.8905397600988714 0.12324412196275242 0.9136480329668877 0.12324412196275242 0.9136480329668877 0.16000114079374878 0.8905397600988714 0.16000114079374878
9 0.9209453822936294 0.12108194438445852 0.9513510044883873 0.12108194438445852 0.9513510044883873 0.15567678563716092 0.9209453822936294 0.15567678563716092
9 0.8688286381350109 0.000893461809212356 0.8904392456453347 0.000893461809212356 0.8904392456453347 0.04020578141455601 0.8688286381350109 0.04020578141455601
9 0.8924495347160625 0.000893461809212356 0.9145627144940682 0.000893461809212356 0.9145627144940682 0.03841885779613131 0.8924495347160625 0.03841885779613131
2 0.9728610975451744 0.0 0.9939691327878164 0.0 0.9939691327878164 0.03663193417770659 0.9728610975451744 0.03663193417770659
3 0.9256193043830713 0.000893461809212356 0.9467273396257132 0.000893461809212356 0.9467273396257132 0.03663193417770659 0.9256193043830713 0.03663193417770659
4 0.948737628696441 0.000893461809212356 0.9708508084744468 0.000893461809212356 0.9708508084744468 0.03663193417770659 0.948737628696441 0.03663193417770659
9 0.056790666248060374 0.6772440513829657 0.07789870149070229 0.6772440513829657 0.07789870149070229 0.7120890619422479 0.056790666248060374 0.7120890619422479
9 0.08292442416752178 0.6772440513829657 0.12363277784975973 0.6772440513829657 0.12363277784975973 0.7111956001330354 0.08292442416752178 0.7111956001330354
9 0.12815592825889732 0.6772440513829657 0.14876139123385726 0.6772440513829657 0.14876139123385726 0.7129825237514601 0.12815592825889732 0.7129825237514601
9 0.15328454164299482 0.6772440513829657 0.27490703042202674 0.6772440513829657 0.27490703042202674 0.7120890619422479 0.15328454164299482 0.7120890619422479
9 0.008041156282911204 0.6004063357907032 0.029149191525553116 0.6004063357907032 0.029149191525553116 0.637931731777622 0.008041156282911204 0.637931731777622
11 0.4375000000000016 0.3726851851851853 0.6609375 0.3726851851851853 0.6609375 0.4041666666666666 0.4375000000000016 0.4041666666666666
11 0.43854166666666666 0.4087962962962963 0.47135416666666674 0.4087962962962963 0.47135416666666674 0.4421296296296297 0.43854166666666666 0.4421296296296297
11 0.4385416666666668 0.5569444444444445 0.5796875 0.5569444444444445 0.5796875 0.5893518518518519 0.4385416666666668 0.5893518518518519
11 0.43854166666666844 0.5199074074074075 0.6604166666666667 0.5199074074074075 0.6604166666666667 0.5541666666666668 0.43854166666666844 0.5541666666666668
11 0.43906250000000085 0.6680555555555563 0.6609375000000001 0.6680555555555563 0.6609375000000001 0.7004629629629638 0.43906250000000085 0.7004629629629638
9 0.7739583333333334 0.002777777777777778 0.7927083333333333 0.002777777777777778 0.7927083333333333 0.03611111111111111 0.7739583333333334 0.03611111111111111
9 0.7994791666666667 0.002777777777777778 0.8625000000000002 0.002777777777777778 0.8625000000000002 0.03611111111111111 0.7994791666666667 0.03611111111111111
6 0.04427083333333333 0.12314814814814815 0.16666666666666663 0.12314814814814815 0.16666666666666663 0.15648148148148147 0.04427083333333333 0.15648148148148147
1 0.28645833333333337 0.2037037037037037 0.2979166666666667 0.2037037037037037 0.2979166666666667 0.2222222222222222 0.28645833333333337 0.2222222222222222
6 0.035937500000000004 0.19537037037037033 0.17604166666666662 0.19537037037037033 0.17604166666666662 0.22962962962962963 0.035937500000000004 0.22962962962962963
11 0.17812499999999998 0.19537037037037033 0.25104166666666666 0.19537037037037033 0.25104166666666666 0.22870370370370371 0.17812499999999998 0.22870370370370371
9 0.009375 0.19537037037037033 0.033854166666666664 0.19537037037037033 0.033854166666666664 0.23055555555555554 0.009375 0.23055555555555554
