9 0.031640090455865175 0.006540587174339054 0.09933516771027438 0.006540587174339054 0.09933516771027438 0.032702935871695274 0.031640090455865175 0.032702935871695274
9 0.10154261588161381 0.006540587174339054 0.133182706337479 0.006540587174339054 0.133182706337479 0.032702935871695274 0.10154261588161381 0.032702935871695274
9 0.1346543384517053 0.006540587174339054 0.17218095736447558 0.006540587174339054 0.17218095736447558 0.03401105330656308 0.1346543384517053 0.03401105330656308
9 0.17438840553581503 0.006540587174339054 0.22221644924816938 0.006540587174339054 0.22221644924816938 0.03401105330656308 0.17438840553581503 0.03401105330656308
9 0.2244238974195088 0.007848704609206865 0.26121470027516597 0.007848704609206865 0.26121470027516597 0.03531917074143089 0.2244238974195088 0.03531917074143089
9 0.016187953256489144 0.1229630388775742 0.03531917074143087 0.1229630388775742 0.03531917074143087 0.15959032705387288 0.016187953256489144 0.15959032705387288
9 0.17586003765004135 0.12427115631244202 0.24061185067599797 0.12427115631244202 0.24061185067599797 0.15828220961900513 0.17586003765004135 0.15828220961900513
9 0.2501774594184688 0.12427115631244202 0.32449488118689634 0.12427115631244202 0.32449488118689634 0.15828220961900513 0.2501774594184688 0.15828220961900513
9 0.33700375415781963 0.12427115631244193 0.3966048547839841 0.12427115631244193 0.3966048547839841 0.15828220961900497 0.33700375415781963 0.15828220961900497
9 0.40543464746934227 0.12427115631244164 0.4812237013519958 0.12427115631244164 0.4812237013519958 0.15741012467566343 0.40543464746934227 0.15741012467566343
9 0.4900534940373537 0.12427115631244202 0.5739365245482521 0.12427115631244202 0.5739365245482521 0.15828220961900513 0.4900534940373537 0.15828220961900513
9 0.5842379493478361 0.12557927374730984 0.6254436485461721 0.12557927374730984 0.6254436485461721 0.1569740921841373 0.5842379493478361 0.1569740921841373
9 0.8697605578909736 0.0013081174348678107 0.8903634074901416 0.0013081174348678107 0.8903634074901416 0.0353191707414309 0.8697605578909736 0.0353191707414309
9 0.8925708556614809 0.0013081174348678107 0.9131737052606489 0.0013081174348678107 0.9131737052606489 0.0366272881762987 0.8925708556614809 0.0366272881762987
9 0.8697605578909736 0.12557927374730984 0.8896275914330285 0.12557927374730984 0.8896275914330285 0.1569740921841373 0.8697605578909736 0.1569740921841373
9 0.897721568061273 0.12427115631244202 0.9190602337175542 0.12427115631244202 0.9190602337175542 0.1569740921841373 0.897721568061273 0.1569740921841373
9 0.928625842460025 0.12427115631244202 0.9499645081163062 0.12427115631244202 0.9499645081163062 0.15828220961900513 0.928625842460025 0.15828220961900513
2 0.9735106219439267 0.0026162348697356215 0.9926418394288686 0.0026162348697356215 0.9926418394288686 0.0353191707414309 0.9735106219439267 0.0353191707414309
3 0.9270833333333336 0.0018518518518518517 0.9468750000000002 0.0018518518518518517 0.9468750000000002 0.03703703703703703 0.9270833333333336 0.03703703703703703
4 0.9494791666666669 0.0009259259259259259 0.9713541666666667 0.0009259259259259259 0.9713541666666667 0.03796296296296296 0.9494791666666669 0.03796296296296296
11 0.11666666666666665 0.19537037037037033 0.203125 0.19537037037037033 0.203125 0.22870370370370371 0.11666666666666665 0.22870370370370371
9 0.225 0.19537037037037033 0.2453125 0.19537037037037033 0.2453125 0.22870370370370371 0.225 0.22870370370370371
11 0.1171875 0.3074074074074074 0.1421875 0.3074074074074074 0.1421875 0.33888888888888896 0.1171875 0.33888888888888896
11 0.11666666666666665 0.3435185185185185 0.1421875 0.3435185185185185 0.1421875 0.375925925925926 0.11666666666666665 0.375925925925926
9 0.14531249999999998 0.3074074074074074 0.16354166666666667 0.3074074074074074 0.16354166666666667 0.34074074074074073 0.14531249999999998 0.34074074074074073
9 0.1640625 0.3074074074074074 0.184375 0.3074074074074074 0.184375 0.3416666666666667 0.1640625 0.3416666666666667
9 0.14479166666666668 0.3425925925925925 0.16302083333333334 0.3425925925925925 0.16302083333333334 0.37777777777777777 0.14479166666666668 0.37777777777777777
9 0.16458333333333328 0.34444444444444455 0.18385416666666662 0.34444444444444455 0.18385416666666662 0.3777777777777779 0.16458333333333328 0.3777777777777779
11 0.11666666666666665 0.4546296296296297 0.2109375 0.4546296296296297 0.2109375 0.487962962962963 0.11666666666666665 0.487962962962963
9 0.225 0.45555555555555555 0.3255208333333333 0.45555555555555555 0.3255208333333333 0.4879629629629629 0.225 0.4879629629629629
9 0.021875 0.5287037037037037 0.121875 0.5287037037037037 0.121875 0.5620370370370371 0.021875 0.5620370370370371
9 0.12447916666666665 0.5287037037037037 0.22395833333333334 0.5287037037037037 0.22395833333333334 0.562962962962963 0.12447916666666665 0.562962962962963
9 0.22604166666666667 0.5296296296296297 0.3255208333333333 0.5296296296296297 0.3255208333333333 0.562037037037037 0.22604166666666667 0.562037037037037
11 0.15156250000000002 0.6407407407407407 0.26510416666666675 0.6407407407407407 0.26510416666666675 0.6722222222222223 0.15156250000000002 0.6722222222222223
11 0.15052083333333335 0.6777777777777778 0.23125 0.6777777777777778 0.23125 0.710185185185185 0.15052083333333335 0.710185185185185
11 0.15156250000000002 0.7148148148148149 0.2307291666666667 0.7148148148148149 0.2307291666666667 0.7462962962962963 0.15156250000000002 0.7462962962962963
11 0.15104166666666669 0.750925925925926 0.22343750000000004 0.750925925925926 0.22343750000000004 0.7851851851851851 0.15104166666666669 0.7851851851851851
11 0.15104166666666669 0.7888888888888889 0.2244791666666667 0.7888888888888889 0.2244791666666667 0.8222222222222223 0.15104166666666669 0.8222222222222223
9 0.7739583333333333 0.0009259259259259259 0.7927083333333333 0.0009259259259259259 0.7927083333333333 0.03703703703703703 0.7739583333333333 0.03703703703703703
9 0.7994791666666665 0.0018518518518518517 0.8619791666666665 0.0018518518518518517 0.8619791666666665 0.03611111111111111 0.7994791666666665 0.03611111111111111
6 0.04479166666666667 0.12407407407407404 0.1661458333333333 0.12407407407407404 0.1661458333333333 0.15648148148148144 0.04479166666666667 0.15648148148148144
7 0.021875 0.462037037037037 0.05729166666666666 0.462037037037037 0.05729166666666666 0.4842592592592594 0.021875 0.4842592592592594
