9 0.5296875000000001 0.38981481481481484 0.5489583333333334 0.38981481481481484 0.5489583333333334 0.41851851851851846 0.5296875000000001 0.41851851851851846
9 0.5307291666666667 0.42129629629629634 0.5494791666666666 0.42129629629629634 0.5494791666666666 0.44999999999999996 0.5307291666666667 0.44999999999999996
9 0.5302083333333334 0.48333333333333334 0.5494791666666666 0.48333333333333334 0.5494791666666666 0.512962962962963 0.5302083333333334 0.512962962962963
9 0.5302083333333334 0.5166666666666667 0.55 0.5166666666666667 0.55 0.5453703703703704 0.5302083333333334 0.5453703703703704
11 0.5750000000000001 0.5314814814814814 0.7135416666666667 0.5314814814814814 0.7135416666666667 0.5601851851851853 0.5750000000000001 0.5601851851851853
11 0.7140625000000008 0.5314814814814814 0.7578125000000002 0.5314814814814814 0.7578125000000002 0.5583333333333333 0.7140625000000008 0.5583333333333333
11 0.5744791666666667 0.5009259259259259 0.7130208333333333 0.5009259259259259 0.7130208333333333 0.5296296296296298 0.5744791666666667 0.5296296296296298
11 0.714583333333334 0.500925925925926 0.7583333333333339 0.500925925925926 0.7583333333333339 0.5296296296296299 0.714583333333334 0.5296296296296299
11 0.5744791666666667 0.4712962962962963 0.7130208333333333 0.4712962962962963 0.7130208333333333 0.49907407407407406 0.5744791666666667 0.49907407407407406
11 0.7145833333333346 0.4703703703703704 0.7583333333333335 0.4703703703703704 0.7583333333333335 0.498456785413954 0.7145833333333346 0.498456785413954
11 0.7140625 0.44074074074074077 0.7583333333333333 0.44074074074074077 0.7583333333333333 0.4685185185185185 0.7140625 0.4685185185185185
11 0.7135416666666667 0.412037037037037 0.7578125000000001 0.412037037037037 0.7578125000000001 0.4388888888888889 0.7135416666666667 0.4388888888888889
11 0.7140625 0.3824074074074072 0.7578125 0.3824074074074072 0.7578125 0.410185185185185 0.7140625 0.410185185185185
11 0.7140625 0.35185185185185186 0.7583333333333333 0.35185185185185186 0.7583333333333333 0.3805555555555556 0.7140625 0.3805555555555556
11 0.7135416666666667 0.3231481481481481 0.7583333333333333 0.3231481481481481 0.7583333333333333 0.35 0.7135416666666667 0.35
11 0.5739583333333333 0.3231481481481481 0.7119791666666665 0.3231481481481481 0.7119791666666665 0.35 0.5739583333333333 0.35
11 0.5750000000000001 0.350925925925926 0.7125 0.350925925925926 0.7125 0.37870370370370376 0.5750000000000001 0.37870370370370376
11 0.5750000000000001 0.3805555555555556 0.7125 0.3805555555555556 0.7125 0.41018518518518515 0.5750000000000001 0.41018518518518515
11 0.5744791666666667 0.412962962962963 0.7125 0.412962962962963 0.7125 0.44074074074074077 0.5744791666666667 0.44074074074074077
11 0.5739583333333333 0.44351851851851853 0.7125 0.44351851851851853 0.7125 0.46944444444444433 0.5739583333333333 0.46944444444444433
1 0.5567708333333333 0.3231481481481481 0.5739583333333333 0.3231481481481481 0.5739583333333333 0.35 0.5567708333333333 0.35
1 0.55625 0.3518518518518519 0.5739583333333333 0.3518518518518519 0.5739583333333333 0.3805555555555556 0.55625 0.3805555555555556
1 0.5567708333333333 0.3824074074074073 0.5739583333333333 0.3824074074074073 0.5739583333333333 0.4092592592592592 0.5567708333333333 0.4092592592592592
1 0.55625 0.4111111111111111 0.5739583333333333 0.4111111111111111 0.5739583333333333 0.4388888888888889 0.55625 0.4388888888888889
1 0.55625 0.4407407407407406 0.5739583333333333 0.4407407407407406 0.5739583333333333 0.46851851851851845 0.55625 0.46851851851851845
1 0.55625 0.4703703703703704 0.5739583333333333 0.4703703703703704 0.5739583333333333 0.4981481481481482 0.55625 0.4981481481481482
1 0.5567708333333333 0.5009259259259259 0.5739583333333333 0.5009259259259259 0.5739583333333333 0.5277777777777778 0.5567708333333333 0.5277777777777778
1 0.5567708333333333 0.5305555555555556 0.5739583333333333 0.5305555555555556 0.5739583333333333 0.5574074074074074 0.5567708333333333 0.5574074074074074
1 0.23229166666666667 0.2935185185185185 0.2489583333333333 0.2935185185185185 0.2489583333333333 0.32129629629629636 0.23229166666666667 0.32129629629629636
1 0.23229166666666667 0.32592592592592595 0.2489583333333333 0.32592592592592595 0.2489583333333333 0.35 0.23229166666666667 0.35
1 0.23229166666666667 0.3537037037037037 0.2489583333333333 0.3537037037037037 0.2489583333333333 0.37962962962962976 0.23229166666666667 0.37962962962962976
1 0.2317708333333332 0.38240740740740753 0.24895833333333328 0.38240740740740753 0.24895833333333328 0.4111111111111114 0.2317708333333332 0.4111111111111114
11 0.25 0.38148148148148153 0.39479166666666665 0.38148148148148153 0.39479166666666665 0.41111111111111115 0.25 0.41111111111111115
11 0.2494791666666666 0.350925925925926 0.3942708333333333 0.350925925925926 0.3942708333333333 0.37962962962962976 0.2494791666666666 0.37962962962962976
11 0.24999999999999992 0.32222222222222235 0.3937500000000002 0.32222222222222235 0.3937500000000002 0.3490740740740743 0.24999999999999992 0.3490740740740743
11 0.25 0.2925925925925927 0.39375 0.2925925925925927 0.39375 0.3203703703703705 0.25 0.3203703703703705
11 0.396875 0.2935185185185185 0.42604166666666665 0.2935185185185185 0.42604166666666665 0.32129629629629636 0.396875 0.32129629629629636
11 0.39583333333333326 0.325 0.425 0.325 0.425 0.35185185185185186 0.39583333333333326 0.35185185185185186
11 0.39583333333333326 0.35555555555555557 0.4239583333333333 0.35555555555555557 0.4239583333333333 0.3814814814814815 0.39583333333333326 0.3814814814814815
11 0.39583333333333326 0.3851851851851852 0.4260416666666666 0.3851851851851852 0.4260416666666666 0.4111111111111111 0.39583333333333326 0.4111111111111111
11 0.4276041666666666 0.2935185185185185 0.4619791666666666 0.2935185185185185 0.4619791666666666 0.32129629629629636 0.4276041666666666 0.32129629629629636
11 0.42604166666666665 0.3259259259259259 0.46197916666666666 0.3259259259259259 0.46197916666666666 0.35 0.42604166666666665 0.35
11 0.42708333333333337 0.3546296296296296 0.46197916666666666 0.3546296296296296 0.46197916666666666 0.3805555555555556 0.42708333333333337 0.3805555555555556
11 0.4276041666666666 0.3851851851851852 0.4635416666666667 0.3851851851851852 0.4635416666666667 0.4111111111111111 0.4276041666666666 0.4111111111111111
11 0.41510416666666666 0.7694444444444446 0.4473958333333334 0.7694444444444446 0.4473958333333334 0.7944444444444445 0.41510416666666666 0.7944444444444445
11 0.415625 0.7055555555555556 0.4484375 0.7055555555555556 0.4484375 0.7324074074074073 0.415625 0.7324074074074073
9 0.5630208333333334 0.7046296296296295 0.5822916666666667 0.7046296296296295 0.5822916666666667 0.7342592592592592 0.5630208333333334 0.7342592592592592
9 0.584375 0.7055555555555554 0.6026041666666665 0.7055555555555554 0.6026041666666665 0.7333333333333333 0.584375 0.7333333333333333
9 0.6046874999999999 0.7037037037037037 0.6234375 0.7037037037037037 0.6234375 0.7333333333333333 0.6046874999999999 0.7333333333333333
9 0.625 0.7037037037037037 0.6432291666666666 0.7037037037037037 0.6432291666666666 0.7333333333333333 0.625 0.7333333333333333
9 0.6401041666666667 0.82037037037037 0.7000000000000001 0.82037037037037 0.7000000000000001 0.8490740740740738 0.6401041666666667 0.8490740740740738
9 0.7020833333333333 0.8212962962962963 0.7218749999999999 0.8212962962962963 0.7218749999999999 0.8481481481481481 0.7020833333333333 0.8481481481481481
9 0.7244791666666667 0.8222222222222223 0.7447916666666665 0.8222222222222223 0.7447916666666665 0.8481481481481481 0.7244791666666667 0.8481481481481481
9 0.746875 0.8203703703703702 0.7661458333333333 0.8203703703703702 0.7661458333333333 0.8481481481481481 0.746875 0.8481481481481481
1 0.5562499999999999 0.29259259259259257 0.5739583333333332 0.29259259259259257 0.5739583333333332 0.3194444444444444 0.5562499999999999 0.3194444444444444
11 0.575 0.29259259259259257 0.7119791666666667 0.29259259259259257 0.7119791666666667 0.32129629629629636 0.575 0.32129629629629636
11 0.7140625 0.29259259259259257 0.7588541666666665 0.29259259259259257 0.7588541666666665 0.32129629629629636 0.7140625 0.32129629629629636
2 0.7729166666666666 0.125 0.7947916666666667 0.125 0.7947916666666667 0.15648148148148147 0.7729166666666666 0.15648148148148147
