8 0.2772097137365886 0.6307000244703502 0.6752469497406961 0.6307000244703502 0.6752469497406961 0.6847544639276967 0.2772097137365886 0.6847544639276967
1 0.29352254498717645 0.5225911455556554 0.30540692539641906 0.5225911455556554 0.30540692539641906 0.5419925579829737 0.29352254498717645 0.5419925579829737
1 0.2935225449871764 0.4856712360840704 0.305406925396419 0.4856712360840704 0.305406925396419 0.5050726485113887 0.2935225449871764 0.5050726485113887
11 0.40858376590457934 0.403685777514186 0.6171512569925888 0.403685777514186 0.6171512569925888 0.43763732626425544 0.40858376590457934 0.43763732626425544
2 0.7005857411486386 0.31539201865196176 0.7216937763912805 0.31539201865196176 0.7216937763912805 0.35023702921124356 0.7005857411486386 0.35023702921124356
2 0.9719747656968913 0.0008934618092124553 0.9930828009395332 0.0008934618092124553 0.9930828009395332 0.037525395986918966 0.9719747656968913 0.037525395986918966
3 0.926121876650753 -2.5216422010413643e-18 0.9462247673580311 -2.5216422010413643e-18 0.9462247673580311 0.03663193417770659 0.926121876650753 0.03663193417770659
4 0.9497427732318046 0.0038716632955384488 0.9688405194037186 0.0038716632955384488 0.9688405194037186 0.03663193417770661 0.9497427732318046 0.03663193417770661
8 0.03367234193469017 0.8811695793747566 0.552326922182463 0.8811695793747566 0.552326922182463 0.9374576733551352 0.03367234193469017 0.9374576733551352
9 0.007659601463010676 0.2319190996671529 0.02921996113667035 0.2319190996671529 0.02921996113667035 0.26772694848188594 0.007659601463010676 0.26772694848188594
9 0.007375912519936205 0.268231284380685 0.02893627219359588 0.268231284380685 0.02893627219359588 0.304039133195418 0.007375912519936205 0.304039133195418
9 0.05673778861489389 0.24906652022632075 0.07602863674395775 0.24906652022632075 0.07602863674395775 0.2848743690410537 0.05673778861489389 0.2848743690410537
9 0.07886552617470247 0.2480578484287226 0.09815637430376632 0.2480578484287226 0.09815637430376632 0.28386569724345556 0.07886552617470247 0.28386569724345556
9 0.09929113007606423 0.24805784842872267 0.11858197820512809 0.24805784842872267 0.11858197820512809 0.2838656972434556 0.09929113007606423 0.2838656972434556
9 0.11971673397742605 0.24805784842872267 0.13900758210648992 0.24805784842872267 0.13900758210648992 0.2838656972434556 0.11971673397742605 0.2838656972434556
9 0.1401423378787878 0.24805784842872267 0.15943318600785167 0.24805784842872267 0.15943318600785167 0.2838656972434556 0.1401423378787878 0.2838656972434556
9 0.8005701973561528 0.12298254552655655 0.8224142459728869 0.12298254552655655 0.8224142459728869 0.15979906613888767 0.8005701973561528 0.15979906613888767
9 0.8312086032081951 0.12348688142535565 0.8530526518249294 0.12348688142535565 0.8530526518249294 0.15979906613888775 0.8312086032081951 0.15979906613888775
9 0.8607122532879398 0.12298254552655655 0.882556301904674 0.12298254552655655 0.882556301904674 0.15929473024008867 0.8607122532879398 0.15929473024008867
9 0.8913506591399823 0.12348688142535562 0.9131947077567165 0.12348688142535562 0.9131947077567165 0.15979906613888772 0.8913506591399823 0.15979906613888772
9 0.9219890649920256 0.12247820962775743 0.9495068924702486 0.12247820962775743 0.9495068924702486 0.15576437894849515 0.9219890649920256 0.15576437894849515
9 0.892769103855354 0.0014375939159838756 0.9131947077567162 0.0014375939159838756 0.9131947077567162 0.03674110683191783 0.892769103855354 0.03674110683191783
9 0.8692229215801729 0.0014375939159838762 0.8896485254815351 0.0014375939159838762 0.8896485254815351 0.037245442730716886 0.8692229215801729 0.037245442730716886
6 0.4088541666666668 0.44120370370370376 0.6171875000000001 0.44120370370370376 0.6171875000000001 0.47361111111111115 0.4088541666666668 0.47361111111111115
