1 0.7541910015481769 0.7942688034253352 0.7642248568724469 0.7942688034253352 0.7642248568724469 0.8121067684462598 0.7541910015481769 0.8121067684462598
11 0.18560586650620217 0.5992403858632254 0.4605335023912038 0.5992403858632254 0.4605335023912038 0.6349163159050745 0.18560586650620217 0.6349163159050745
11 0.18627479019448687 0.6396731065773213 0.46120242607948847 0.6396731065773213 0.46120242607948847 0.6753490366191705 0.18627479019448687 0.6753490366191705
11 0.18493694281791703 0.6753490366191695 0.4056817599518599 0.6753490366191695 0.4056817599518599 0.7086465713248954 0.18493694281791703 0.7086465713248954
11 0.41036422576985304 0.6753490366191695 0.46120242607948814 0.6753490366191695 0.46120242607948814 0.7086465713248955 0.41036422576985304 0.7086465713248955
11 0.18359909544134806 0.7122141643290805 0.4618713497677731 0.7122141643290805 0.4618713497677731 0.7478900943709296 0.18359909544134806 0.7478900943709296
11 0.25918747221751576 0.7502684897070481 0.5367908028556567 0.7502684897070481 0.5367908028556567 0.782376826744712 0.25918747221751576 0.782376826744712
11 0.18426801912963284 0.7502684897070543 0.25784962484094726 0.7502684897070543 0.25784962484094726 0.7835660244127804 0.18426801912963284 0.7835660244127804
11 0.6779337010837237 0.71102496666102 0.7521842304833227 0.71102496666102 0.7521842304833227 0.7443225013667462 0.6779337010837237 0.7443225013667462
11 0.6792715484602929 0.7502684897070543 0.7528531541716073 0.7502684897070543 0.7528531541716073 0.7799984314085955 0.6792715484602929 0.7799984314085955
11 0.6779337010837237 0.7859444197489037 0.7515153067950381 0.7859444197489037 0.7515153067950381 0.8180527567865681 0.6779337010837237 0.8180527567865681
9 0.6050210190606932 0.5623752581533142 0.7789411780147086 0.5623752581533142 0.7789411780147086 0.5980511881951636 0.6050210190606932 0.5980511881951636
9 0.01471632114226287 0.12248735981034958 0.035452955479087826 0.12248735981034958 0.035452955479087826 0.1593524875202606 0.01471632114226287 0.1593524875202606
9 0.17592693001886978 0.12367655747841118 0.1973324880439794 0.12367655747841118 0.1973324880439794 0.15816328985219893 0.17592693001886978 0.15816328985219893
9 0.20602849599168016 0.12248735981034958 0.3297793783243453 0.12248735981034958 0.3297793783243453 0.16054168518832226 0.20602849599168016 0.16054168518832226
9 0.33780646258376135 0.12129816214228792 0.35988094429715567 0.12129816214228792 0.35988094429715567 0.15816328985219893 0.33780646258376135 0.15816328985219893
9 0.3679080285565718 0.12367655747841118 0.38998251026996616 0.12367655747841118 0.38998251026996616 0.16054168518832224 0.3679080285565718 0.16054168518832224
9 0.40001636559423626 0.12486575514647284 0.4194151525544918 0.12486575514647284 0.4194151525544918 0.15816328985219893 0.40001636559423626 0.15816328985219893
9 0.43011793156704664 0.12486575514647284 0.44951671852730224 0.12486575514647284 0.44951671852730224 0.16054168518832224 0.43011793156704664 0.16054168518832224
9 0.4588816501632877 0.12367655747841118 0.4802872081883972 0.12367655747841118 0.4802872081883972 0.16054168518832224 0.4588816501632877 0.16054168518832224
9 0.4889832161360974 0.12486575514647284 0.5933353115085065 0.12486575514647284 0.5933353115085065 0.16054168518832215 0.4889832161360974 0.16054168518832215
9 0.800701654876757 0.12486575514647284 0.8221072129018666 0.12486575514647284 0.8221072129018666 0.16054168518832224 0.800701654876757 0.16054168518832224
9 0.8314312305522616 0.12129816214228792 0.8528367885773712 0.12129816214228792 0.8528367885773712 0.15816328985219893 0.8314312305522616 0.15816328985219893
9 0.8608638728367874 0.12248735981034958 0.8836072782384664 0.12248735981034958 0.8836072782384664 0.16054168518832226 0.8608638728367874 0.16054168518832226
9 0.8909654388095979 0.12248735981034958 0.9123709968347077 0.12248735981034958 0.9123709968347077 0.16054168518832226 0.8909654388095979 0.16054168518832226
9 0.9210670047824084 0.12129816214228792 0.9498307233786495 0.12129816214228792 0.9498307233786495 0.15816328985219893 0.9210670047824084 0.15816328985219893
9 0.8686477121186456 0.0010810887891469511 0.8893235352110812 0.0010810887891469511 0.8893235352110812 0.03675701883099633 0.8686477121186456 0.03675701883099633
9 0.892972209874452 0.0010810887891469511 0.9136480329668877 0.0010810887891469511 0.9136480329668877 0.03675701883099633 0.892972209874452 0.03675701883099633
2 0.9732430524686131 0.0021621775782939023 0.9939188755610486 0.0021621775782939023 0.9939188755610486 0.03567593004184939 0.9732430524686131 0.03567593004184939
3 0.9258102818447906 0.0021621775782939023 0.9464861049372261 0.0021621775782939023 0.9464861049372261 0.03675701883099634 0.9258102818447906 0.03675701883099634
4 0.9495266671567018 0.0021621775782939023 0.9708106026930323 0.0021621775782939023 0.9708106026930323 0.03783810762014328 0.9495266671567018 0.03783810762014328
9 0.42095908881002037 0.41478685589410197 0.4415188633970092 0.41478685589410197 0.4415188633970092 0.4497130902542214 0.42095908881002037 0.4497130902542214
9 0.44334639891585276 0.41478685589410197 0.4629924057434199 0.41478685589410197 0.4629924057434199 0.45133756627097105 0.44334639891585276 0.45133756627097105
9 0.008680793714506413 0.41559909390247685 0.028326800542073555 0.41559909390247685 0.028326800542073555 0.45052532826259617 0.008680793714506413 0.45052532826259617
6 0.12343750000000023 0.4162037037037036 0.4005208333333333 0.4162037037037036 0.4005208333333333 0.449537037037037 0.12343750000000023 0.449537037037037
6 0.18489583333333331 0.5643518518518519 0.40677083333333325 0.5643518518518519 0.40677083333333325 0.5949074074074074 0.18489583333333331 0.5949074074074074
11 0.18385416666666668 0.7856481481481481 0.2104166666666667 0.7856481481481481 0.2104166666666667 0.8171296296296297 0.18385416666666668 0.8171296296296297
6 0.04479166666666667 0.12314814814814815 0.1661458333333333 0.12314814814814815 0.1661458333333333 0.15648148148148147 0.04479166666666667 0.15648148148148147
9 0.7734375000000001 0.0009259259259259259 0.7932291666666668 0.0009259259259259259 0.7932291666666668 0.03518518518518518 0.7734375000000001 0.03518518518518518
9 0.8 0.0018518518518518517 0.8625 0.0018518518518518517 0.8625 0.03703703703703703 0.8 0.03703703703703703
