1 0.035937500000000004 0.3513888888888889 0.045833333333333344 0.3513888888888889 0.045833333333333344 0.3699074074074074 0.035937500000000004 0.3699074074074074
11 0.13749999999999998 0.30694444444444446 0.17604166666666662 0.30694444444444446 0.17604166666666662 0.3384259259259259 0.13749999999999998 0.3384259259259259
9 0.36822916666666666 0.5643518518518519 0.38697916666666665 0.5643518518518519 0.38697916666666665 0.6013888888888888 0.36822916666666666 0.6013888888888888
9 0.3885416666666666 0.5662037037037038 0.4822916666666666 0.5662037037037038 0.4822916666666666 0.5995370370370371 0.3885416666666666 0.5995370370370371
9 0.36875 0.6032407407407407 0.48177083333333326 0.6032407407407407 0.48177083333333326 0.6356481481481481 0.36875 0.6356481481481481
9 0.8697916666666667 0.0018518518518518517 0.8890625000000002 0.0018518518518518517 0.8890625000000002 0.03611111111111111 0.8697916666666667 0.03611111111111111
9 0.8942708333333336 0.0009259259259259259 0.9130208333333335 0.0009259259259259259 0.9130208333333335 0.03703703703703703 0.8942708333333336 0.03703703703703703
2 0.9744791666666669 0.0009259259259259259 0.9932291666666668 0.0009259259259259259 0.9932291666666668 0.03611111111111111 0.9744791666666669 0.03611111111111111
3 0.9255208333333336 0.0009259259259259259 0.9463541666666667 0.0009259259259259259 0.9463541666666667 0.03611111111111111 0.9255208333333336 0.03611111111111111
4 0.95 0.0 0.9692708333333334 0.0 0.9692708333333334 0.037037037037037035 0.95 0.037037037037037035
9 0.8682291666666667 0.12407407407407404 0.8906250000000002 0.12407407407407404 0.8906250000000002 0.1583333333333333 0.8682291666666667 0.1583333333333333
9 0.9005208333333335 0.125 0.9192708333333336 0.125 0.9192708333333336 0.15833333333333333 0.9005208333333335 0.15833333333333333
9 0.9302083333333334 0.125 0.9494791666666669 0.125 0.9494791666666669 0.1574074074074074 0.9302083333333334 0.1574074074074074
9 0.030208333333333334 0.006481481481481481 0.0984375 0.006481481481481481 0.0984375 0.032407407407407406 0.030208333333333334 0.032407407407407406
9 0.10052083333333332 0.006481481481481481 0.13333333333333333 0.006481481481481481 0.13333333333333333 0.03148148148148148 0.10052083333333332 0.03148148148148148
9 0.13489583333333333 0.006481481481481481 0.1729166666666667 0.006481481481481481 0.1729166666666667 0.032407407407407406 0.13489583333333333 0.032407407407407406
9 0.17395833333333333 0.005555555555555556 0.22291666666666668 0.005555555555555556 0.22291666666666668 0.03425925925925926 0.17395833333333333 0.03425925925925926
9 0.22343750000000007 0.005555555555555556 0.2598958333333334 0.005555555555555556 0.2598958333333334 0.03333333333333332 0.22343750000000007 0.03333333333333332
9 0.015104166666666667 0.12314814814814815 0.035416666666666666 0.12314814814814815 0.035416666666666666 0.15925925925925927 0.015104166666666667 0.15925925925925927
9 0.1765625 0.12314814814814809 0.24062500000000003 0.12314814814814809 0.24062500000000003 0.1592592592592592 0.1765625 0.1592592592592592
9 0.25 0.125 0.3260416666666667 0.125 0.3260416666666667 0.15833333333333333 0.25 0.15833333333333333
9 0.33541666666666664 0.12407407407407404 0.39531249999999996 0.12407407407407404 0.39531249999999996 0.1583333333333333 0.33541666666666664 0.1583333333333333
9 0.40625 0.12407407407407404 0.48020833333333335 0.12407407407407404 0.48020833333333335 0.1583333333333333 0.40625 0.1583333333333333
9 0.49010416666666656 0.12407407407407404 0.5739583333333335 0.12407407407407404 0.5739583333333335 0.15925925925925924 0.49010416666666656 0.15925925925925924
9 0.584375 0.12407407407407404 0.6255208333333333 0.12407407407407404 0.6255208333333333 0.1583333333333333 0.584375 0.1583333333333333
9 0.034895833333333334 0.6759259259259258 0.2109375 0.6759259259259258 0.2109375 0.7120370370370369 0.034895833333333334 0.7120370370370369
9 0.7739583333333333 0.0009259259259259259 0.7927083333333333 0.0009259259259259259 0.7927083333333333 0.03518518518518518 0.7739583333333333 0.03518518518518518
9 0.7994791666666665 0.0009259259259259259 0.8625 0.0009259259259259259 0.8625 0.03518518518518518 0.7994791666666665 0.03518518518518518
6 0.04479166666666667 0.12314814814814815 0.16666666666666663 0.12314814814814815 0.16666666666666663 0.15648148148148147 0.04479166666666667 0.15648148148148147
9 0.17916666666666667 0.3074074074074074 0.19270833333333331 0.3074074074074074 0.19270833333333331 0.3398148148148149 0.17916666666666667 0.3398148148148149
1 0.035937500000000004 0.38796296296296295 0.046875 0.38796296296296295 0.046875 0.40648148148148144 0.035937500000000004 0.40648148148148144
1 0.03645833333333333 0.4259259259259259 0.046875 0.4259259259259259 0.046875 0.44351851851851853 0.03645833333333333 0.44351851851851853
1 0.03645833333333333 0.462037037037037 0.046354166666666655 0.462037037037037 0.046354166666666655 0.47901234096950956 0.03645833333333333 0.47901234096950956
11 0.13749999999999998 0.5666666666666667 0.3671875 0.5666666666666667 0.3671875 0.5990740740740742 0.13749999999999998 0.5990740740740742
11 0.13749999999999998 0.6027777777777779 0.36614583333333334 0.6027777777777779 0.36614583333333334 0.6361111111111111 0.13749999999999998 0.6361111111111111
