1 0.036550710376869106 0.6844498746745586 0.046602155730508125 0.6844498746745586 0.046602155730508125 0.7023191108588056 0.036550710376869106 0.7023191108588056
11 0.144375305988633 0.5658631254518276 0.24397599176560134 0.5658631254518276 0.24397599176560134 0.5983526457868223 0.144375305988633 0.5983526457868223
11 0.2467172950438664 0.5666753634602028 0.28509554093957906 0.5666753634602028 0.28509554093957906 0.5999771218035724 0.2467172950438664 0.5999771218035724
11 0.2997158250903266 0.5658631254518276 0.3463179808208348 0.5658631254518276 0.3463179808208348 0.5991648837951973 0.2997158250903266 0.5991648837951973
9 0.42216070485283813 0.4164113319108517 0.4404360600412727 0.4164113319108517 0.4404360600412727 0.4513375662709712 0.42216070485283813 0.4513375662709712
9 0.44180671168040553 0.41559909390247696 0.4619096023876834 0.41559909390247696 0.4619096023876834 0.4521498042793461 0.44180671168040553 0.4521498042793461
9 0.01507716803045851 0.1234601772729801 0.035180058737736525 0.1234601772729801 0.035180058737736525 0.16001088764984922 0.01507716803045851 0.16001088764984922
9 0.17635717756839345 0.1234601772729801 0.19646006827567145 0.1234601772729801 0.19646006827567145 0.16001088764984922 0.17635717756839345 0.16001088764984922
9 0.3390078387454611 0.12346017727298007 0.35911072945273914 0.12346017727298007 0.35911072945273914 0.1600108876498492 0.3390078387454611 0.1600108876498492
9 0.3696190586860888 0.12346017727298007 0.38972194939336674 0.12346017727298007 0.38972194939336674 0.1600108876498492 0.3696190586860888 0.1600108876498492
9 0.3993165108672951 0.12346017727298007 0.4194194015745731 0.12346017727298007 0.4194194015745731 0.1600108876498492 0.3993165108672951 0.1600108876498492
9 0.4294708469282122 0.12346017727298005 0.4495737376354902 0.12346017727298005 0.4495737376354902 0.16001088764984917 0.4294708469282122 0.16001088764984917
9 0.4596251829891292 0.12346017727298007 0.47972807369640713 0.12346017727298007 0.47972807369640713 0.1600108876498492 0.4596251829891292 0.1600108876498492
9 0.48977951905004746 0.12346017727297978 0.593949043624124 0.12346017727297978 0.593949043624124 0.15919864964147398 0.48977951905004746 0.15919864964147398
9 0.8013743250128554 0.12346017727298017 0.8214772157201334 0.12346017727298017 0.8214772157201334 0.1600108876498493 0.8013743250128554 0.1600108876498493
9 0.8315286610737725 0.12264793926460535 0.8516315517810505 0.12264793926460535 0.8516315517810505 0.15919864964147448 0.8315286610737725 0.15919864964147448
9 0.8612261132549774 0.1226479392646053 0.8822427717216781 0.1226479392646053 0.8822427717216781 0.15919864964147443 0.8612261132549774 0.15919864964147443
9 0.8685362553303508 6.925557798708177e-17 0.8895529137970516 6.925557798708177e-17 0.8895529137970516 0.036550710376869196 0.8685362553303508 0.036550710376869196
9 0.9219916692565212 0.12102346324785558 0.9503184697985968 0.12102346324785558 0.9503184697985968 0.1575741736247247 0.9219916692565212 0.1575741736247247
9 0.8922942170753158 0.0008122380083749382 0.9133108755420165 0.0008122380083749382 0.9133108755420165 0.03736294838524406 0.8922942170753158 0.03736294838524406
9 0.8913804493158939 0.1226479392646053 0.9123971077825944 0.1226479392646053 0.9123971077825944 0.15919864964147443 0.8913804493158939 0.15919864964147443
11 0.144375305988633 0.6026806022141526 0.21747672674237137 0.6026806022141526 0.21747672674237137 0.6367945985658973 0.144375305988633 0.6367945985658973
6 0.04427083333333333 0.12268518518518522 0.16666666666666663 0.12268518518518522 0.16666666666666663 0.1550925925925926 0.04427083333333333 0.1550925925925926
9 0.20625 0.12314814814814815 0.32864583333333325 0.12314814814814815 0.32864583333333325 0.15833333333333333 0.20625 0.15833333333333333
9 0.7734375 0.0009259259259259259 0.7927083333333333 0.0009259259259259259 0.7927083333333333 0.03796296296296296 0.7734375 0.03796296296296296
9 0.7994791666666667 0.0009259259259259259 0.8630208333333333 0.0009259259259259259 0.8630208333333333 0.03796296296296296 0.7994791666666667 0.03796296296296296
2 0.9729166666666669 0.0009259259259259259 0.9942708333333335 0.0009259259259259259 0.9942708333333335 0.03703703703703703 0.9729166666666669 0.03703703703703703
3 0.9255208333333336 0.0018518518518518517 0.946354166666667 0.0018518518518518517 0.946354166666667 0.03796296296296297 0.9255208333333336 0.03796296296296297
4 0.9489583333333336 0.0018518518518518517 0.969791666666667 0.0018518518518518517 0.969791666666667 0.03796296296296297 0.9489583333333336 0.03796296296296297
9 0.00718678342785189 0.41644788262122845 0.02874713371140756 0.41644788262122845 0.02874713371140756 0.45281177825617136 0.00718678342785189 0.45281177825617136
6 0.12383380675683256 0.41743069061136207 0.4008013834763553 0.41743069061136207 0.4008013834763553 0.4508461622759042 0.12383380675683256 0.4508461622759042
1 0.0353810876448093 0.6474077603026225 0.04699050702826235 0.6474077603026225 0.04699050702826235 0.6660811121151605 0.0353810876448093 0.6660811121151605
1 0.03593391713925945 0.7211183595626417 0.04699050702826235 0.7211183595626417 0.04699050702826235 0.7397917113751801 0.03593391713925945 0.7397917113751801
