2 0.802640955095588 0.21099959875657084 0.8196325043410335 0.21099959875657084 0.8196325043410335 0.24523442390294956 0.802640955095588 0.24523442390294956
9 0.5545643361120864 0.47615167587068113 0.5738214252569244 0.47615167587068113 0.5738214252569244 0.5063588745292505 0.5545643361120864 0.5063588745292505
9 0.5549419260953186 0.5083726877731553 0.5741990152401565 0.5083726877731553 0.5741990152401565 0.5379086153504232 0.5549419260953186 0.5379086153504232
9 0.5553195160785507 0.5708008983341989 0.5741990152401565 0.5708008983341989 0.5741990152401565 0.5996655548301653 0.5553195160785507 0.5996655548301653
9 0.5549419260953176 0.6023506391553706 0.5738214252569235 0.6023506391553706 0.5738214252569235 0.6314390492641769 0.5549419260953176 0.6314390492641769
11 0.44003405486676767 0.7923203551637087 0.4721292034414978 0.7923203551637087 0.4721292034414978 0.8184999273344687 0.44003405486676767 0.8184999273344687
11 0.4404116448499999 0.8547485657247522 0.4725067934247299 0.8547485657247522 0.4725067934247299 0.8829419511394173 0.4404116448499999 0.8829419511394173
9 0.5888045082602225 0.7916490840824071 0.6080615974050604 0.7916490840824071 0.6080615974050604 0.821185011659675 0.5888045082602225 0.821185011659675
9 0.6091943673547568 0.7916490840824071 0.6280738665163628 0.7916490840824071 0.6280738665163628 0.8205137405783735 0.6091943673547568 0.8205137405783735
9 0.6295842264492914 0.7916490840824071 0.6488413155941294 0.7916490840824071 0.6488413155941294 0.8205137405783735 0.6295842264492914 0.8205137405783735
9 0.6499740855438257 0.790306541919804 0.6684759947221994 0.790306541919804 0.6684759947221994 0.821185011659675 0.6499740855438257 0.821185011659675
9 0.6650776848731106 0.9077789811475742 0.7247369022237854 0.9077789811475742 0.7247369022237854 0.9353010954809374 0.6650776848731106 0.9353010954809374
9 0.727002442123178 0.9077789811475742 0.7473923012177123 0.9077789811475742 0.7473923012177123 0.9353010954809373 0.727002442123178 0.9353010954809373
9 0.7492802511338731 0.9077789811475732 0.7696701102284075 0.9077789811475732 0.7696701102284075 0.9353010954809364 0.7492802511338731 0.9353010954809364
9 0.771558060144568 0.9077789811475742 0.7919479192391026 0.9077789811475742 0.7919479192391026 0.9353010954809374 0.771558060144568 0.9353010954809374
9 0.7942134591384954 0.9071077100662728 0.8138481382665655 0.9071077100662728 0.8138481382665655 0.9359723665622391 0.7942134591384954 0.9359723665622391
