9 0.030405622194757995 0.00589684794080155 0.09895647950657602 0.00589684794080155 0.09895647950657602 0.03243266367440853 0.030405622194757995 0.03243266367440853
9 0.10061496798992645 0.00589684794080155 0.13378473765693516 0.00589684794080155 0.13378473765693516 0.03243266367440853 0.10061496798992645 0.03243266367440853
9 0.1354432261402856 0.00589684794080155 0.17248280226844537 0.00589684794080155 0.17248280226844537 0.03243266367440853 0.1354432261402856 0.03243266367440853
9 0.17358846125734564 0.00589684794080155 0.22279028626340852 0.00589684794080155 0.22279028626340852 0.03144985568427493 0.17358846125734564 0.03144985568427493
9 0.22389594525230888 0.004914039950667959 0.2609355213804686 0.004914039950667959 0.2609355213804686 0.03439827965467571 0.22389594525230888 0.03439827965467571
9 0.01547922584460407 0.12383380675683256 0.03427542865590901 0.12383380675683256 0.03427542865590901 0.15823208641150824 0.01547922584460407 0.15823208641150824
9 0.17635260872959638 0.12285099876669897 0.2410336595802633 0.12285099876669897 0.2410336595802633 0.1572492784213747 0.17635260872959638 0.1572492784213747
9 0.250984590480366 0.12383380675683256 0.3256165722311356 0.12383380675683256 0.3256165722311356 0.15921489440164183 0.250984590480366 0.15921489440164183
9 0.33556750313123823 0.12285099876669897 0.39527308853185394 0.12285099876669897 0.39527308853185394 0.15823208641150824 0.33556750313123823 0.15823208641150824
9 0.40577684892640664 0.12285099876669897 0.47930317168827596 0.12285099876669897 0.47930317168827596 0.15921489440164185 0.40577684892640664 0.15921489440164185
9 0.48980693208282877 0.12481661474696616 0.5738370152392509 0.12481661474696616 0.5738370152392509 0.15823208641150824 0.48980693208282877 0.15823208641150824
9 0.5832351166449034 0.12481661474696616 0.6246973287286642 0.12481661474696616 0.6246973287286642 0.15823208641150824 0.5832351166449034 0.15823208641150824
9 0.8684265803208653 0.0009828079901335917 0.8894341011099708 0.0009828079901335917 0.8894341011099708 0.03734670362507649 0.8684265803208653 0.03734670362507649
9 0.8927510780766716 0.0019656159802671834 0.9126529398768769 0.0019656159802671834 0.9126529398768769 0.03636389563494289 0.8927510780766716 0.03636389563494289
9 0.8684265803208653 0.12383380675683256 0.8888812716155208 0.12383380675683256 0.8888812716155208 0.15823208641150824 0.8684265803208653 0.15823208641150824
9 0.8982793730211731 0.12285099876669897 0.9192868938102788 0.12285099876669897 0.9192868938102788 0.15823208641150824 0.8982793730211731 0.15823208641150824
9 0.9292378247103812 0.12383380675683256 0.9496925160050368 0.12383380675683256 0.9496925160050368 0.15823208641150824 0.9292378247103812 0.15823208641150824
2 0.9729113547719428 0.0019656159802671834 0.9933660460665983 0.0019656159802671834 0.9933660460665983 0.035381087644809295 0.9729113547719428 0.035381087644809295
3 0.9259208477436807 0.002948423970400775 0.946928368532786 0.002948423970400775 0.946928368532786 0.0363638956349429 0.9259208477436807 0.0363638956349429
4 0.9491396865105866 0.0009828079901335917 0.9707000367941422 0.0009828079901335917 0.9707000367941422 0.036363895634942904 0.9491396865105866 0.036363895634942904
11 0.20565257193545378 0.23292549366166104 0.28526001913627475 0.23292549366166104 0.28526001913627475 0.26634096532620316 0.20565257193545378 0.26634096532620316
11 0.20565257193545403 0.27027219728673774 0.285260019136275 0.27027219728673774 0.285260019136275 0.30172205297101257 0.20565257193545403 0.30172205297101257
11 0.20454691294655375 0.3076189009118142 0.285260019136275 0.3076189009118142 0.285260019136275 0.3410343725763563 0.20454691294655375 0.3410343725763563
11 0.20454691294655375 0.3803466921817 0.285260019136275 0.3803466921817 0.285260019136275 0.4137621638462421 0.20454691294655375 0.4137621638462421
11 0.20565257193545403 0.455040099431853 0.28470718964182484 0.455040099431853 0.28470718964182484 0.4874727631062615 0.20565257193545403 0.4874727631062615
11 0.20509974244100385 0.49336961104706295 0.2852600191362749 0.49336961104706295 0.2852600191362749 0.5248194667313378 0.20509974244100385 0.5248194667313378
11 0.12991493119578415 0.6034441059420252 0.24435063654696426 0.6034441059420252 0.24435063654696426 0.6368595776065674 0.12991493119578415 0.6368595776065674
11 0.1304677606902343 0.6398080015769683 0.16363753035724302 0.6398080015769683 0.16363753035724302 0.674206281231644 0.1304677606902343 0.674206281231644
11 0.13046776069023427 0.6781375131921782 0.16308470086279284 0.6781375131921782 0.16308470086279284 0.7095873688764532 0.13046776069023427 0.7095873688764532
6 0.04479166666666667 0.12361111111111112 0.1661458333333333 0.12361111111111112 0.1661458333333333 0.15694444444444444 0.04479166666666667 0.15694444444444444
11 0.13645833333333332 0.7884259259259259 0.15677083333333333 0.7884259259259259 0.15677083333333333 0.8208333333333334 0.13645833333333332 0.8208333333333334
11 0.13802083333333331 0.8245370370370371 0.15624999999999997 0.8245370370370371 0.15624999999999997 0.8578703703703704 0.13802083333333331 0.8578703703703704
9 0.7734375 0.0009259259259259259 0.7932291666666667 0.0009259259259259259 0.7932291666666667 0.03796296296296296 0.7734375 0.03796296296296296
9 0.7994791666666667 0.0009259259259259259 0.8619791666666667 0.0009259259259259259 0.8619791666666667 0.03611111111111111 0.7994791666666667 0.03611111111111111
7 0.2981072555205047 0.61689449702068 0.30283911671924285 0.61689449702068 0.30283911671924285 0.6309148264984228 0.2981072555205047 0.6309148264984228
