1 0.26744610522717027 0.26959824396582827 0.27704066670109845 0.26959824396582827 0.27704066670109845 0.2872654885792472 0.26744610522717027 0.2872654885792472
1 0.26744610522717027 0.30621303021863977 0.27704066670109845 0.30621303021863977 0.27704066670109845 0.3238802748320588 0.26744610522717027 0.3238802748320588
1 0.2671028416060502 0.3434380629089982 0.27738393032221864 0.3434380629089982 0.27738393032221864 0.3611053075224172 0.2671028416060502 0.3611053075224172
1 0.2671028416060502 0.3806630955993566 0.27738393032221864 0.3806630955993566 0.27738393032221864 0.39833034021277564 0.2671028416060502 0.39833034021277564
1 0.2671028416060502 0.417888128289715 0.27738393032221864 0.417888128289715 0.27738393032221864 0.43555537290313395 0.2671028416060502 0.43555537290313395
1 0.2671028416060502 0.4545029145425265 0.27738393032221864 0.4545029145425265 0.27738393032221864 0.47217015915594546 0.2671028416060502 0.47217015915594546
2 0.8135720044204606 0.023799611064327476 0.8334812944454268 0.023799611064327476 0.8334812944454268 0.05858365800449843 0.8135720044204606 0.05858365800449843
2 0.9725030609990707 0.0018307393126405652 0.9924123510240369 0.0018307393126405652 0.9924123510240369 0.03661478625281152 0.9725030609990707 0.03661478625281152
3 0.9265415850802963 0.0012204928750937172 0.9457643478630223 0.0012204928750937172 0.9457643478630223 0.036614786252811525 0.9265415850802963 0.036614786252811525
4 0.949883511316464 0.0006102464375468587 0.9697928013414301 0.0006102464375468587 0.9697928013414301 0.03600453981526467 0.949883511316464 0.03600453981526467
1 0.590800436322312 0.26715725821564085 0.6010815250384806 0.26715725821564085 0.6010815250384806 0.28482450282905986 0.590800436322312 0.28482450282905986
1 0.5911436999434322 0.30499253734354614 0.6014247886596007 0.30499253734354614 0.6014247886596007 0.32265978195696515 0.5911436999434322 0.32265978195696515
1 0.5911436999434322 0.3409970771588109 0.6014247886596007 0.3409970771588109 0.6014247886596007 0.35866432177222984 0.5911436999434322 0.35866432177222984
1 0.5911436999434322 0.3788323562867161 0.6014247886596007 0.3788323562867161 0.6014247886596007 0.39649960090013503 0.5911436999434322 0.39649960090013503
1 0.590800436322312 0.41544714253952764 0.6010815250384806 0.41544714253952764 0.6010815250384806 0.4331143871529466 0.590800436322312 0.4331143871529466
1 0.5911436999434322 0.4520619287923392 0.6014247886596007 0.4520619287923392 0.6014247886596007 0.4697291734057582 0.5911436999434322 0.4697291734057582
1 0.5911436999434322 0.4898972079202444 0.6014247886596007 0.4898972079202444 0.6014247886596007 0.5075644525336634 0.5911436999434322 0.5075644525336634
1 0.5911436999434322 0.5271222406106029 0.6014247886596007 0.5271222406106029 0.6014247886596007 0.5447894852240219 0.5911436999434322 0.5447894852240219
1 0.5911436999434322 0.5637370268634145 0.6014247886596007 0.5637370268634145 0.6014247886596007 0.5814042714768336 0.5911436999434322 0.5814042714768336
1 0.5911436999434322 0.6003518131162261 0.6014247886596007 0.6003518131162261 0.6014247886596007 0.6180190577296452 0.5911436999434322 0.6180190577296452
1 0.5911436999434322 0.6375768458065842 0.6014247886596007 0.6375768458065842 0.6014247886596007 0.6552440904200033 0.5911436999434322 0.6552440904200033
8 0.23410578960391354 0.8938171198668593 0.6861839786190963 0.8938171198668593 0.6861839786190963 0.941009507933275 0.23410578960391354 0.941009507933275
9 0.6879620281130491 0.904399586414278 0.7336961044721063 0.904399586414278 0.7336961044721063 0.9374576733551354 0.6879620281130491 0.9374576733551354
9 0.7402295439519719 0.9035061246050654 0.7593272901238861 0.9035061246050654 0.7593272901238861 0.9374576733551347 0.7402295439519719 0.9374576733551347
9 0.7648555850683876 0.9043995864142778 0.7839533312403018 0.9043995864142778 0.7839533312403018 0.9383511351643471 0.7648555850683876 0.9383511351643471
9 0.7899841984524852 0.9035061246050654 0.8090819446243994 0.9035061246050654 0.8090819446243994 0.9374576733551347 0.7899841984524852 0.9374576733551347
9 0.6573051197844503 0.7408960753284167 0.6764028659563645 0.7408960753284167 0.6764028659563645 0.7766345476969108 0.6573051197844503 0.7766345476969108
9 0.6361970845418082 0.7408960753284167 0.6552948307137225 0.7408960753284167 0.6552948307137225 0.7766345476969108 0.6361970845418082 0.7766345476969108
9 0.6160941938345302 0.7408960753284167 0.6351919400064444 0.7408960753284167 0.6351919400064444 0.7766345476969108 0.6160941938345302 0.7766345476969108
9 0.5954887308595702 0.7408960753284167 0.6155916215668483 0.7408960753284167 0.6155916215668483 0.7766345476969108 0.5954887308595702 0.7766345476969108
9 0.561364073883966 0.37025590708494954 0.5818187651786212 0.37025590708494954 0.5818187651786212 0.40465418673962533 0.561364073883966 0.40465418673962533
9 0.5613640738839656 0.4076026107100261 0.5818187651786209 0.4076026107100261 0.5818187651786209 0.4439665063449691 0.5613640738839656 0.4439665063449691
9 0.5613640738839653 0.48131320997004545 0.5818187651786205 0.48131320997004545 0.5818187651786205 0.518659913595122 0.5613640738839653 0.518659913595122
9 0.5613640738839653 0.5186599135951221 0.5818187651786205 0.5186599135951221 0.5818187651786205 0.5560066172201985 0.5613640738839653 0.5560066172201985
9 0.00718678342785189 0.2316799804761132 0.02985279270030785 0.2316799804761132 0.02985279270030785 0.2670610681209225 0.00718678342785189 0.2670610681209225
9 0.00718678342785189 0.2700094920913233 0.02985279270030785 0.2700094920913233 0.02985279270030785 0.3053905797361326 0.00718678342785189 0.3053905797361326
9 0.029299963205857694 0.2709923000814568 0.04699050702826235 0.2709923000814568 0.04699050702826235 0.3063733877262661 0.029299963205857694 0.3063733877262661
9 0.051965972478313666 0.2700094920913232 0.07020934579516847 0.2700094920913232 0.07020934579516847 0.30539057973613243 0.051965972478313666 0.30539057973613243
9 0.07242066377296905 0.2709923000814567 0.10006213849547635 0.2709923000814567 0.10006213849547635 0.306373387726266 0.07242066377296905 0.306373387726266
9 0.1028262859677271 0.27000949209132336 0.12217531827348213 0.27000949209132336 0.12217531827348213 0.30539057973613265 0.1028262859677271 0.30539057973613265
9 0.12383380675683262 0.27000949209132336 0.14318283906258766 0.27000949209132336 0.14318283906258766 0.30539057973613265 0.12383380675683262 0.30539057973613265
9 0.14373566855703787 0.27000949209132336 0.16308470086279295 0.27000949209132336 0.16308470086279295 0.30539057973613265 0.14373566855703787 0.30539057973613265
9 0.1857507101352489 0.27000949209132336 0.21339218485775613 0.27000949209132336 0.21339218485775613 0.30539057973613265 0.1857507101352489 0.30539057973613265
9 0.014373566855703835 0.12160548558115096 0.03593391713925945 0.12160548558115096 0.03593391713925945 0.1609178051864946 0.014373566855703835 0.1609178051864946
9 0.17524694974069616 0.12160548558115096 0.19680730002425176 0.12160548558115096 0.19680730002425176 0.1609178051864946 0.17524694974069616 0.1609178051864946
9 0.8615693690863773 0.12299366926200922 0.8831297193699329 0.12299366926200922 0.8831297193699329 0.16230598886735284 0.8615693690863773 0.16230598886735284
9 0.8913668788372402 0.1219125804728623 0.9129272291207957 0.1219125804728623 0.9129272291207957 0.16122490007820592 0.8913668788372402 0.16122490007820592
9 0.9217725010319993 0.12083149168371521 0.950630200642296 0.12083149168371521 0.950630200642296 0.1601438112890588 0.9217725010319993 0.1601438112890588
9 0.8928385109514666 -3.113138519804154e-19 0.9143988612350221 -3.113138519804154e-19 0.9143988612350221 0.03931231960534362 0.8928385109514666 0.03931231960534362
9 0.8685565810667326 -1.1102230246251566e-18 0.8901169313502882 -1.1102230246251566e-18 0.8901169313502882 0.03931231960534362 0.8685565810667326 0.03931231960534362
11 0.4458171812489406 0.7424796912281955 0.47859444197488976 0.7424796912281955 0.47859444197488976 0.773398830597798 0.4458171812489406 0.773398830597798
11 0.4458171812489411 0.8150207489799558 0.47926336566317496 0.8150207489799558 0.47926336566317496 0.8483182836856817 0.4458171812489411 0.8483182836856817
