9 0.6953125 0.31805555555555554 0.7109375 0.31805555555555554 0.7109375 0.3430555555555556 0.6953125 0.3430555555555556
9 0.6442708333333332 0.37824074074074077 0.6692708333333334 0.37824074074074077 0.6692708333333334 0.4069444444444444 0.6442708333333332 0.4069444444444444
9 0.64375 0.41064814814814826 0.6692708333333335 0.41064814814814826 0.6692708333333335 0.43842592592592605 0.64375 0.43842592592592605
11 0.42708333333333326 0.3791666666666667 0.6364583333333333 0.3791666666666667 0.6364583333333333 0.40694444444444444 0.42708333333333326 0.40694444444444444
11 0.42708333333333337 0.4421296296296296 0.5552083333333334 0.4421296296296296 0.5552083333333334 0.46990740740740733 0.42708333333333337 0.46990740740740733
11 0.4276041666666666 0.5375 0.4593749999999999 0.5375 0.4593749999999999 0.5643518518518519 0.4276041666666666 0.5643518518518519
1 0.47552083333333345 0.5421296296296296 0.48385416666666675 0.5421296296296296 0.48385416666666675 0.5578703703703703 0.47552083333333345 0.5578703703703703
11 0.428125 0.413425925925926 0.44583333333333336 0.413425925925926 0.44583333333333336 0.43657407407407406 0.428125 0.43657407407407406
9 0.6442708333333335 0.4430555555555556 0.6697916666666669 0.4430555555555556 0.6697916666666669 0.4689814814814815 0.6442708333333335 0.4689814814814815
2 0.690625 0.26990740740740743 0.7130208333333333 0.26990740740740743 0.7130208333333333 0.30324074074074064 0.690625 0.30324074074074064
9 0.6421875 0.6208333333333333 0.6619791666666669 0.6208333333333333 0.6619791666666669 0.6495370370370369 0.6421875 0.6495370370370369
9 0.6645833333333334 0.6208333333333333 0.684375 0.6208333333333333 0.684375 0.6486111111111111 0.6645833333333334 0.6486111111111111
