1 0.26462689085559765 0.5676254450811535 0.2745815358680808 0.5676254450811535 0.2745815358680808 0.5853225917700123 0.26462689085559765 0.5853225917700123
1 0.26462689085559765 0.6414652640243235 0.2745815358680808 0.6414652640243235 0.2745815358680808 0.6591624107131823 0.26462689085559765 0.6591624107131823
1 0.26462689085559765 0.604850477771512 0.2745815358680808 0.604850477771512 0.2745815358680808 0.6225476244603708 0.26462689085559765 0.6225476244603708
1 0.2646268908555976 0.4562549892825091 0.27458153586808076 0.4562549892825091 0.27458153586808076 0.4739521359713678 0.2646268908555976 0.4739521359713678
1 0.264626890855598 0.34492788273335206 0.2745815358680811 0.34492788273335206 0.2745815358680811 0.36262502942221136 0.264626890855598 0.36262502942221136
9 0.7900696357379914 0.9070263641333622 0.8089211214987414 0.9070263641333622 0.8089211214987414 0.9416212053860646 0.7900696357379914 0.9416212053860646
9 0.008645145332710998 0.23242695970566504 0.02749663109346099 0.23242695970566504 0.02749663109346099 0.2659407121692204 0.008645145332710998 0.2659407121692204
9 0.009253257776606159 0.27026506732580835 0.028104743537356147 0.27026506732580835 0.028104743537356147 0.30377881978936366 0.009253257776606159 0.30377881978936366
9 0.02932096842514643 0.2702650673258084 0.04817245418589642 0.2702650673258084 0.04817245418589642 0.3037788197893637 0.02932096842514643 0.3037788197893637
9 0.05121301640537219 0.2702650673258084 0.07006450216612217 0.2702650673258084 0.07006450216612217 0.3037788197893637 0.05121301640537219 0.3037788197893637
9 0.07249695194170273 0.27026506732580874 0.09864578702919463 0.27026506732580874 0.09864578702919463 0.3037788197893641 0.07249695194170273 0.3037788197893641
9 0.10411879902425109 0.271346156114956 0.12236217234110594 0.271346156114956 0.12236217234110594 0.30377881978936444 0.10411879902425109 0.30377881978936444
9 0.12418650967279139 0.27134615611495605 0.14242988298964623 0.27134615611495605 0.14242988298964623 0.3037788197893645 0.12418650967279139 0.3037788197893645
9 0.14486233276522684 0.2702650673258091 0.1631057060820817 0.2702650673258091 0.1631057060820817 0.30269773100021763 0.14486233276522684 0.30269773100021763
9 0.18560586650620242 0.2691839785366623 0.2135790389253799 0.2691839785366623 0.2135790389253799 0.3037788197893646 0.18560586650620242 0.3037788197893646
9 0.01337847376569352 0.12108194438445852 0.036486746633709585 0.12108194438445852 0.036486746633709585 0.16216331837204265 0.01337847376569352 0.16216331837204265
9 0.17513638384180602 0.12108194438445848 0.19824465670982208 0.12108194438445848 0.19824465670982208 0.1621633183720426 0.17513638384180602 0.1621633183720426
9 0.8598709956677563 0.12108194438445848 0.8829792685357722 0.12108194438445848 0.8829792685357722 0.1621633183720426 0.8598709956677563 0.1621633183720426
9 0.8902766178625143 0.12000085559531153 0.9133848907305303 0.12000085559531153 0.9133848907305303 0.16108222958289564 0.8902766178625143 0.16108222958289564
9 0.8914928427503053 0.0 0.9146011156183214 0.0 0.9146011156183214 0.03783810762014329 0.8914928427503053 0.03783810762014329
9 0.8683845698822893 -1.6653345369377351e-18 0.8914928427503053 -1.6653345369377351e-18 0.8914928427503053 0.03783810762014329 0.8683845698822893 0.03783810762014329
9 0.921898464945064 0.11891976680616455 0.9516959746959263 0.11891976680616455 0.9516959746959263 0.1567578744263078 0.921898464945064 0.1567578744263078
2 0.810725552050473 0.09253417455310199 0.83596214511041 0.09253417455310199 0.83596214511041 0.13739922888187872 0.810725552050473 0.13739922888187872
2 0.973186119873817 0.0 0.9925361844768488 0.0 0.9925361844768488 0.03794880510281174 0.973186119873817 0.03794880510281174
3 0.9264183942886856 0.0013081174348678107 0.9455496117736272 0.0013081174348678107 0.9455496117736272 0.0353191707414309 0.9264183942886856 0.0353191707414309
4 0.9492286920591931 0.0026162348697356215 0.9698315416583612 0.0026162348697356215 0.9698315416583612 0.0353191707414309 0.9492286920591931 0.0353191707414309
6 0.5062323620037481 0.30025097060960887 0.6371119640824628 0.30025097060960887 0.6371119640824628 0.3334902346295999 0.5062323620037481 0.3334902346295999
11 0.26354166666666673 0.7069444444444444 0.28333333333333344 0.7069444444444444 0.28333333333333344 0.7412037037037036 0.26354166666666673 0.7412037037037036
