1 0.5266363301871432 0.2721984735238935 0.5366877755407821 0.2721984735238935 0.5366877755407821 0.29096117151735307 0.5266363301871432 0.29096117151735307
1 0.5271389024548252 0.3088304077016001 0.5371903478084642 0.3088304077016001 0.5371903478084642 0.32759310569505967 0.5271389024548252 0.32759310569505967
1 0.5266363301871432 0.3463558036885191 0.5371903478084642 0.3463558036885191 0.5371903478084642 0.3651185016819785 0.5266363301871432 0.3651185016819785
1 0.5256311856517794 0.3829877378662257 0.5381954923438281 0.3829877378662257 0.5381954923438281 0.4026438976688975 0.5256311856517794 0.4026438976688975
1 0.5266363301871432 0.4205131338531446 0.5376929200761461 0.4205131338531446 0.5376929200761461 0.4392758318466042 0.5266363301871432 0.4392758318466042
1 0.5266363301871432 0.4571450680308512 0.5371903478084642 0.4571450680308512 0.5371903478084642 0.47590776602431073 0.5266363301871432 0.47590776602431073
1 0.5266363301871432 0.4937770022085576 0.5371903478084641 0.4937770022085576 0.5371903478084641 0.5134331620112295 0.5266363301871432 0.5134331620112295
1 0.5266363301871432 0.5313023981954766 0.5376929200761461 0.5313023981954766 0.5376929200761461 0.5500650961889362 0.5266363301871432 0.5500650961889362
1 0.5266363301871432 0.567040870563971 0.5381954923438281 0.567040870563971 0.5381954923438281 0.5875904921758551 0.5266363301871432 0.5875904921758551
9 0.4969845663939082 0.37494658158331445 0.51809260163655 0.37494658158331445 0.51809260163655 0.4124719775702334 0.4969845663939082 0.4124719775702334
9 0.4969845663939082 0.4151523629978705 0.518595173904232 0.4151523629978705 0.518595173904232 0.4482104499387276 0.4969845663939082 0.4482104499387276
9 0.4959794218585444 0.48752276954407114 0.519097746171914 0.48752276954407114 0.519097746171914 0.5232612419125654 0.4959794218585444 0.5232612419125654
9 0.49648199412622623 0.5250481655309903 0.519097746171914 0.5250481655309903 0.519097746171914 0.5607866378994844 0.49648199412622623 0.5607866378994844
1 0.2029797897999673 0.2748788589515306 0.2140363796889702 0.2748788589515306 0.2140363796889702 0.2936415569449901 0.2029797897999673 0.2936415569449901
1 0.2029797897999673 0.3115107931292372 0.2140363796889702 0.3115107931292372 0.2140363796889702 0.3302734911226967 0.2029797897999673 0.3302734911226967
1 0.2024772175322854 0.3472492654977315 0.2140363796889702 0.3472492654977315 0.2140363796889702 0.3669054253004032 0.2024772175322854 0.3669054253004032
1 0.2029797897999673 0.3856681232938627 0.2130312351536063 0.3856681232938627 0.2130312351536063 0.4044308212873222 0.2029797897999673 0.4044308212873222
1 0.07136526201083693 0.4633993006953377 0.08342699643520374 0.4633993006953377 0.08342699643520374 0.4839489223072218 0.07136526201083693 0.4839489223072218
1 0.07136526201083693 0.4884162313532836 0.08342699643520374 0.4884162313532836 0.08342699643520374 0.5089658529651678 0.07136526201083693 0.5089658529651678
9 0.008543728550593153 0.23199269210933754 0.029149191525553116 0.23199269210933754 0.029149191525553116 0.2668377026686194 0.008543728550593153 0.2668377026686194
9 0.01507716803045851 0.12388381319464244 0.035682631005418464 0.12388381319464244 0.035682631005418464 0.15962228556313665 0.01507716803045851 0.15962228556313665
2 0.7488326788461053 0.028590777894795392 0.7699407140887471 0.028590777894795392 0.7699407140887471 0.06522271207250198 0.7488326788461053 0.06522271207250198
9 0.8011001946850285 0.12240426786209274 0.8222082299276703 0.12240426786209274 0.8222082299276703 0.15992966384901172 0.8011001946850285 0.15992966384901172
9 0.8302493862105816 0.12240426786209274 0.8523625659885874 0.12240426786209274 0.8523625659885874 0.1599296638490117 0.8302493862105816 0.1599296638490117
9 0.8609062945391809 0.1232977296713051 0.8825169020495047 0.1232977296713051 0.8825169020495047 0.15992966384901172 0.8609062945391809 0.15992966384901172
9 0.8910606306000975 0.12240426786209274 0.9136763826457855 0.12240426786209274 0.9136763826457855 0.15992966384901172 0.8910606306000975 0.15992966384901172
9 0.9210961539739337 0.12240426786209281 0.9497427732318031 0.12240426786209281 0.9497427732318031 0.15635581661216236 0.9210961539739337 0.15635581661216236
9 0.8683260658673287 0.000893461809212356 0.8914443901806985 0.000893461809212356 0.8914443901806985 0.03841885779613131 0.8683260658673287 0.03841885779613131
9 0.8939572515191084 0.000893461809212356 0.9135575699587045 0.000893461809212356 0.9135575699587045 0.03752539598691896 0.8939572515191084 0.03752539598691896
2 0.9733636698128565 0.0026803854276370677 0.9934665605201346 0.0026803854276370677 0.9934665605201346 0.0366319341777066 0.9733636698128565 0.0366319341777066
3 0.9256193043830708 0.000893461809212356 0.9462247673580307 0.000893461809212356 0.9462247673580307 0.03841885779613131 0.9256193043830708 0.03841885779613131
4 0.9497427732318049 0.000893461809212356 0.969845663939083 0.000893461809212356 0.969845663939083 0.03752539598691896 0.9497427732318049 0.03752539598691896
9 0.5310137346386532 0.7464256653085818 0.5516895577310886 0.7464256653085818 0.5516895577310886 0.7810205065612842 0.5310137346386532 0.7810205065612842
9 0.5529057826188789 0.745344576519435 0.5711491559357338 0.745344576519435 0.5711491559357338 0.7831826841395781 0.5529057826188789 0.7831826841395781
9 0.5729734932674192 0.744263487730288 0.5918249790281692 0.744263487730288 0.5918249790281692 0.7831826841395781 0.5729734932674192 0.7831826841395781
9 0.5930412039159595 0.744263487730288 0.6131089145644998 0.744263487730288 0.6131089145644998 0.7821015953504314 0.5930412039159595 0.7821015953504314
9 0.6234468261107176 0.91135071928995 0.6696633718467498 0.91135071928995 0.6696633718467498 0.9416212053860648 0.6234468261107176 0.9416212053860648
9 0.6757444962857012 0.9102696305008031 0.6952040944903465 0.9102696305008031 0.6952040944903465 0.9437833829643586 0.6757444962857012 0.9437833829643586
9 0.701285218929298 0.91135071928995 0.720136704690048 0.91135071928995 0.720136704690048 0.9416212053860648 0.701285218929298 0.9416212053860648
9 0.7262178291289996 0.9102696305008031 0.7450693148897494 0.9102696305008031 0.7450693148897494 0.9416212053860648 0.7262178291289996 0.9416212053860648
9 0.8060121303974441 0.6789166296233556 0.8352015277044118 0.6789166296233556 0.8352015277044118 0.7113492932977643 0.8060121303974441 0.7113492932977643
9 0.8406745396994683 0.6789166296233556 0.8686477121186454 0.6789166296233556 0.8686477121186454 0.7124303820869112 0.8406745396994683 0.7124303820869112
9 0.8747288365575973 0.6799977184125026 0.9185129325180486 0.6799977184125026 0.9185129325180486 0.7113492932977643 0.8747288365575973 0.7113492932977643
9 0.05837879461393536 0.6767544520450616 0.07723028037468531 0.6767544520450616 0.07723028037468531 0.7124303820869111 0.05837879461393536 0.7124303820869111
9 0.08270329236974176 0.6789166296233554 0.12223060122292714 0.6789166296233554 0.12223060122292714 0.710268204508617 0.08270329236974176 0.710268204508617
9 0.1289198381057739 0.6789166296233556 0.14837943631041903 0.6789166296233556 0.14837943631041903 0.713511470876058 0.1289198381057739 0.713511470876058
9 0.00729734932674192 0.5999971480156282 0.02858128486307252 0.5999971480156282 0.02858128486307252 0.6389163444249185 0.00729734932674192 0.6389163444249185
11 0.3822916666666668 0.8222222222222223 0.41510416666666683 0.8222222222222223 0.41510416666666683 0.8546296296296297 0.3822916666666668 0.8546296296296297
11 0.38281250000000017 0.7481481481481481 0.4156250000000001 0.7481481481481481 0.4156250000000001 0.7814814814814814 0.38281250000000017 0.7814814814814814
9 0.7994791666666667 0.002777777777777778 0.8619791666666667 0.002777777777777778 0.8619791666666667 0.03611111111111111 0.7994791666666667 0.03611111111111111
