9 0.029526102497552515 0.005691778794708919 0.09889465655806748 0.005691778794708919 0.09889465655806748 0.03288583303609597 0.029526102497552515 0.03288583303609597
9 0.100673337431414 0.005691778794708919 0.13304532932632102 0.005691778794708919 0.13304532932632102 0.03225341317001721 0.100673337431414 0.03225341317001721
9 0.1344682740249982 0.006324198660787688 0.17217630853994484 0.006324198660787688 0.17217630853994484 0.03288583303609598 0.1344682740249982 0.03288583303609598
9 0.17359925323862202 0.006324198660787688 0.22269084534298644 0.006324198660787688 0.22269084534298644 0.03288583303609598 0.17359925323862202 0.03288583303609598
9 0.015296655510780214 0.1226894540192811 0.03486214511759212 0.1226894540192811 0.03486214511759212 0.15873738638577092 0.015296655510780214 0.15873738638577092
9 0.22340231769232508 0.006956618526866457 0.2600431436832637 0.006956618526866457 0.2600431436832637 0.03225341317001722 0.22340231769232508 0.03225341317001722
9 0.1764451426359765 0.12458671361751746 0.24118912642579043 0.12458671361751746 0.24118912642579043 0.15747254665361343 0.1764451426359765 0.15747254665361343
9 0.25008253079252313 0.12395429375143868 0.3251428636477469 0.12395429375143868 0.3251428636477469 0.15873738638577095 0.25008253079252313 0.15873738638577095
9 0.3358149488878263 0.12332187388535992 0.3948671538829313 0.12332187388535992 0.3948671538829313 0.15747254665361343 0.3358149488878263 0.15747254665361343
9 0.40625071147234915 0.12332187388535992 0.47953236345422645 0.12332187388535992 0.47953236345422645 0.15810496651969222 0.40625071147234915 0.15810496651969222
9 0.489492976344967 0.12395429375143868 0.5738024497415929 0.12395429375143868 0.5738024497415929 0.15810496651969222 0.489492976344967 0.15810496651969222
9 0.5834073264576642 0.12458671361751744 0.6250284588939734 0.12458671361751744 0.6250284588939734 0.1574725466536134 0.5834073264576642 0.1574725466536134
9 0.8698005600710332 0.0 0.8882988411538373 0.0 0.8882988411538373 0.03541551250041105 0.8698005600710332 0.03541551250041105
9 0.8925676752498691 0.0006324198660787688 0.912133164856681 0.0006324198660787688 0.912133164856681 0.03478309263433228 0.8925676752498691 0.03478309263433228
9 0.8687333515470254 0.12332187388535992 0.8893660496778453 0.12332187388535992 0.8893660496778453 0.15873738638577098 0.8687333515470254 0.15873738638577098
9 0.8993266625685858 0.12332187388535992 0.9199593606994058 0.12332187388535992 0.9199593606994058 0.15873738638577098 0.8993266625685858 0.15873738638577098
9 0.9288527650661383 0.12332187388535992 0.9487739908476196 0.12332187388535992 0.9487739908476196 0.15936980625184977 0.9288527650661383 0.15936980625184977
2 0.9733197868998019 0.0006324198660787688 0.9921738041572751 0.0006324198660787688 0.9921738041572751 0.03604793236648982 0.9733197868998019 0.03604793236648982
3 0.9274298203674611 0.0012648397321575375 0.9452166291009264 0.0012648397321575375 0.9452166291009264 0.03478309263433228 0.9274298203674611 0.03478309263433228
4 0.9501969355462969 0.0018972595982363063 0.9690509528037701 0.0018972595982363063 0.9690509528037701 0.03541551250041105 0.9501969355462969 0.03541551250041105
11 0.11670707829610956 0.3067236350482029 0.22413940304624044 0.3067236350482029 0.22413940304624044 0.34024188795037763 0.11670707829610956 0.34024188795037763
11 0.11670707829610966 0.3440364071468502 0.30524725087084253 0.3440364071468502 0.30524725087084253 0.37692224018294607 0.11670707829610966 0.37692224018294607
11 0.11670707829610966 0.38071675937941873 0.30524725087084253 0.38071675937941873 0.30524725087084253 0.4136025924155146 0.11670707829610966 0.4136025924155146
11 0.11706281447077896 0.418029531478066 0.3056029870455118 0.418029531478066 0.3056029870455118 0.4509153645141619 0.11706281447077896 0.4509153645141619
11 0.1167070782961097 0.4540774638445558 0.3052472508708426 0.4540774638445558 0.3052472508708426 0.48696329688065165 0.1167070782961097 0.48696329688065165
11 0.11670707829610973 0.4926550756753607 0.30524725087084265 0.4926550756753607 0.30524725087084265 0.5255409087114565 0.11670707829610973 0.5255409087114565
11 0.11741855064544836 0.5287030080418504 0.30595872322018125 0.5287030080418504 0.30595872322018125 0.5615888410779463 0.11741855064544836 0.5615888410779463
11 0.11635134212144022 0.5653833602744194 0.142675819046969 0.5653833602744194 0.142675819046969 0.5995340330426729 0.11635134212144022 0.5995340330426729
11 0.11670707829610956 0.6766892567042827 0.1359168317282521 0.6766892567042827 0.1359168317282521 0.711472349338615 0.11670707829610956 0.711472349338615
11 0.11670707829610956 0.7146344486690087 0.23089839036495724 0.7146344486690087 0.23089839036495724 0.7481527015711834 0.11670707829610956 0.7481527015711834
11 0.11741855064544816 0.7513148009015772 0.23089839036495724 0.7513148009015772 0.23089839036495724 0.7842006339376734 0.11741855064544816 0.7842006339376734
11 0.11706281447077885 0.7879951531341459 0.23089839036495724 0.7879951531341459 0.23089839036495724 0.8208809861702419 0.11706281447077885 0.8208809861702419
11 0.36071648111467775 0.6768334484337489 0.4884257678209591 0.6768334484337489 0.4884257678209591 0.7097192814698449 0.36071648111467775 0.7097192814698449
11 0.3603607449400084 0.7141462205323965 0.4884257678209591 0.7141462205323965 0.4884257678209591 0.7482968933006501 0.3603607449400084 0.7482968933006501
11 0.3603607449400084 0.7514589926310439 0.4884257678209591 0.7514589926310439 0.4884257678209591 0.783712405801061 0.3603607449400084 0.783712405801061
11 0.36107221728934696 0.7887717647296911 0.46138981854609173 0.7887717647296911 0.46138981854609173 0.8203927580336297 0.36107221728934696 0.8203927580336297
11 0.4080293923456955 0.3435481790102381 0.4813110443275729 0.3435481790102381 0.4813110443275729 0.37706643191241296 0.4080293923456955 0.37706643191241296
11 0.40767365617102497 0.41754130334145406 0.48166678050224127 0.41754130334145406 0.48166678050224127 0.45042713637755066 0.40767365617102497 0.45042713637755066
11 0.40838512852036485 0.45548649530618013 0.4813110443275729 0.45548649530618013 0.4813110443275729 0.4871074886101186 0.40838512852036485 0.4871074886101186
11 0.40802939234569563 0.5667923917360433 0.48095530815290377 0.5667923917360433 0.48095530815290377 0.6003106446382181 0.40802939234569563 0.6003106446382181
9 0.7734375 0.0009259259259259259 0.7932291666666667 0.0009259259259259259 0.7932291666666667 0.03611111111111111 0.7734375 0.03611111111111111
9 0.7989583333333333 0.0009259259259259259 0.8625 0.0009259259259259259 0.8625 0.03611111111111111 0.7989583333333333 0.03611111111111111
6 0.04427083333333333 0.12314814814814815 0.16614583333333333 0.12314814814814815 0.16614583333333333 0.15555555555555556 0.04427083333333333 0.15555555555555556
11 0.11041666666666666 0.19537037037037033 0.22395833333333337 0.19537037037037033 0.22395833333333337 0.22962962962962963 0.11041666666666666 0.22962962962962963
