9 0.014620284150747643 0.1234601772729801 0.03472317485802565 0.1234601772729801 0.03472317485802565 0.1583864116330995 0.014620284150747643 0.1583864116330995
9 0.17635717756839336 0.12427241528135498 0.2403209207279143 0.12427241528135498 0.2403209207279143 0.15838641163309955 0.17635717756839336 0.15838641163309955
9 0.2503723660815534 0.12427241528135498 0.32621509011355676 0.12427241528135498 0.32621509011355676 0.15838641163309947 0.2503723660815534 0.15838641163309947
9 0.3348958838280632 0.12427241528135498 0.395661439829608 0.12427241528135498 0.395661439829608 0.15838641163309947 0.3348958838280632 0.15838641163309947
9 0.40662665294266875 0.12427241528135498 0.479728073696407 0.12427241528135498 0.479728073696407 0.1600108876498492 0.40662665294266875 0.1600108876498492
9 0.4897795190500462 0.12346017727297993 0.5743030367965557 0.12346017727297993 0.5743030367965557 0.1578449154962599 0.4897795190500462 0.1578449154962599
9 0.5834407143907732 0.12427241528135495 0.6259309152038833 0.12427241528135495 0.6259309152038833 0.15919864964147432 0.5834407143907732 0.15919864964147432
9 0.8684174426432711 0.12264793926460521 0.889434101109971 0.12264793926460521 0.889434101109971 0.15838641163309947 0.8684174426432711 0.15838641163309947
9 0.8981148948244769 0.1234601772729801 0.9195884371708876 0.1234601772729801 0.9195884371708876 0.15838641163309952 0.8981148948244769 0.15838641163309952
9 0.9296398825245263 0.1226479392646053 0.9506565409912262 0.1226479392646053 0.9506565409912262 0.15838641163309952 0.9296398825245263 0.15838641163309952
2 0.9725869672173482 0.0024367140251246072 0.9926898579246263 0.0024367140251246072 0.9926898579246263 0.03492623436011938 0.9725869672173482 0.03492623436011938
9 0.8697880942824038 0.0008122380083748691 0.88897721723026 0.0008122380083748691 0.88897721723026 0.0365507103768691 0.8697880942824038 0.0365507103768691
9 0.8921754043882362 0.0 0.9136489467346467 0.0 0.9136489467346467 0.036550710376869106 0.8921754043882362 0.036550710376869106
3 0.9268985792462616 0.0 0.9460877021941181 0.0 0.9460877021941181 0.037362948385243976 0.9268985792462616 0.037362948385243976
4 0.9497427732318049 0.0016244760167497382 0.969845663939083 0.0016244760167497382 0.969845663939083 0.0365507103768691 0.9497427732318049 0.0365507103768691
11 0.1777004047355652 0.23290849046378018 0.3522286761334762 0.23290849046378018 0.3522286761334762 0.2675033317164826 0.1777004047355652 0.2675033317164826
11 0.35526923835295193 0.23290849046378018 0.4136480329668872 0.23290849046378018 0.4136480329668872 0.26534115413818865 0.35526923835295193 0.26534115413818865
11 0.17830851717946036 0.27074659808392343 0.24337654867624253 0.27074659808392343 0.24337654867624253 0.30101708418003803 0.17830851717946036 0.30101708418003803
11 0.2458089984518232 0.26966550929477645 0.41364803296688735 0.26966550929477645 0.41364803296688735 0.30353961918934563 0.2458089984518232 0.30353961918934563
11 0.1777004047355652 0.3085847057040667 0.25797124732972637 0.3085847057040667 0.25797124732972637 0.33885519180018137 0.1777004047355652 0.33885519180018137
11 0.1777004047355652 0.34534172453506307 0.41364803296688735 0.34534172453506307 0.41364803296688735 0.3777743882094715 0.1777004047355652 0.3777743882094715
1 0.029797509750862837 0.3885852761009411 0.03952730885318539 0.3885852761009411 0.03952730885318539 0.4069637855164393 0.029797509750862837 0.4069637855164393
1 0.02858128486307252 0.4988563325939302 0.03952730885318539 0.4988563325939302 0.03952730885318539 0.5172348420094284 0.02858128486307252 0.5172348420094284
1 0.02918939730696768 0.5366944402140734 0.03891919640929024 0.5366944402140734 0.03891919640929024 0.5529107720512777 0.02918939730696768 0.5529107720512777
1 0.029797509750862837 0.5734514590450698 0.03891919640929024 0.5734514590450698 0.03891919640929024 0.5896677908822741 0.029797509750862837 0.5896677908822741
11 0.17756883361738673 0.677235982803177 0.3928406387562734 0.677235982803177 0.3928406387562734 0.7085875576884386 0.17756883361738673 0.7085875576884386
1 0.18486618294412863 0.7226417119473489 0.1945959820464512 0.7226417119473489 0.1945959820464512 0.7399391325737003 0.18486618294412863 0.7399391325737003
11 0.17756883361738673 0.7518311092543165 0.3928406387562734 0.7518311092543165 0.3928406387562734 0.7831826841395783 0.17756883361738673 0.7831826841395783
11 0.17756883361738673 0.7896692168744599 0.3928406387562734 0.7896692168744599 0.3928406387562734 0.8221018805488683 0.17756883361738673 0.8221018805488683
11 0.1781769460612819 0.8264262357054563 0.3928406387562734 0.8264262357054563 0.3928406387562734 0.8577778105907179 0.1781769460612819 0.8577778105907179
9 0.029797509750862837 0.0054054439457347555 0.0991223283549111 0.0054054439457347555 0.0991223283549111 0.03135157488526157 0.029797509750862837 0.03135157488526157
9 0.10033855324270141 0.0054054439457347555 0.13317662521304005 0.0054054439457347555 0.13317662521304005 0.03135157488526157 0.10033855324270141 0.03135157488526157
9 0.13500096254472552 0.0054054439457347555 0.17270393406622542 0.0054054439457347555 0.17270393406622542 0.03351375246355549 0.13500096254472552 0.03351375246355549
9 0.17392015895401575 0.0054054439457347555 0.22256915446562858 0.0054054439457347555 0.22256915446562858 0.03351375246355549 0.17392015895401575 0.03351375246355549
9 0.22378537935341888 0.004324355156587805 0.26088023843102365 0.004324355156587805 0.26088023843102365 0.033513752463555486 0.22378537935341888 0.033513752463555486
9 0.7729166666666667 0.0018518518518518517 0.7932291666666667 0.0018518518518518517 0.7932291666666667 0.03611111111111111 0.7729166666666667 0.03611111111111111
9 0.7989583333333333 0.002777777777777778 0.8619791666666667 0.002777777777777778 0.8619791666666667 0.03611111111111111 0.7989583333333333 0.03611111111111111
6 0.04479166666666667 0.12314814814814815 0.1661458333333333 0.12314814814814815 0.1661458333333333 0.15555555555555556 0.04479166666666667 0.15555555555555556
