1 0.5431962940817543 0.5769021783838315 0.5535800186206375 0.5769021783838315 0.5535800186206375 0.5938853367407605 0.5431962940817543 0.5938853367407605
11 0.49543116120289127 0.4587584680747596 0.6225279495588225 0.4587584680747596 0.6225279495588225 0.4912479884097544 0.49543116120289127 0.4912479884097544
11 0.4950158122213359 0.5687797983000829 0.5274130327826517 0.5687797983000829 0.5274130327826517 0.6012693186350775 0.4950158122213359 0.6012693186350775
11 0.4958465101844467 0.38418025094215785 0.7035210009621119 0.38418025094215785 0.7035210009621119 0.4174081694665845 0.4958465101844467 0.4174081694665845
9 0.7118279805932185 0.38270345456329463 0.7371642684680938 0.38270345456329463 0.7371642684680938 0.41666977127715266 0.7118279805932185 0.41666977127715266
9 0.7118279805932185 0.42110016041374293 0.7384103154127596 0.42110016041374293 0.7384103154127596 0.4550664771276011 0.7118279805932185 0.4550664771276011
9 0.7109972826301081 0.4594968662641914 0.7375796174496491 0.4594968662641914 0.7375796174496491 0.49272478478861775 0.7109972826301081 0.49272478478861775
2 0.7679000931031881 0.2202558528883208 0.7878368442178438 0.2202558528883208 0.7878368442178438 0.2556989659810423 0.7679000931031881 0.2556989659810423
2 0.9738330141620141 0.0007383981894316991 0.9925237183320039 0.0007383981894316991 0.9925237183320039 0.036181511282153266 0.9738330141620141 0.036181511282153266
3 0.9260678812831509 0.0014767963788633982 0.9464199813793622 0.0014767963788633982 0.9464199813793622 0.039135104039880055 0.9260678812831509 0.039135104039880055
4 0.9497427732318049 0.002215194568295097 0.9696795243464607 0.002215194568295097 0.9696795243464607 0.03618151128215326 0.9497427732318049 0.03618151128215326
9 0.8928399627587243 0.0014767963788633982 0.9123613648918251 0.0014767963788633982 0.9123613648918251 0.03618151128215326 0.8928399627587243 0.03618151128215326
9 0.86833437284696 0.0022151945682950965 0.8903478688693924 0.0022151945682950965 0.8903478688693924 0.03765830766101665 0.86833437284696 0.03765830766101665
9 0.9219143914675978 0.12331249763509372 0.9493274242502496 0.12331249763509372 0.9493274242502496 0.15654041615952022 0.9219143914675978 0.15654041615952022
9 0.8924246137771691 0.12405089582452544 0.9127767138733804 0.12405089582452544 0.9127767138733804 0.159494008917247 0.8924246137771691 0.159494008917247
9 0.8604427421974085 0.12331249763509372 0.8824562382198411 0.12331249763509372 0.8824562382198411 0.15875561072781524 0.8604427421974085 0.15875561072781524
9 0.8305376155254248 0.12331249763509372 0.8525511115478575 0.12331249763509372 0.8525511115478575 0.159494008917247 0.8305376155254248 0.159494008917247
9 0.7998017908903303 0.12331249763509365 0.8222306358943173 0.12331249763509365 0.8222306358943173 0.1580172125383835 0.7998017908903303 0.1580172125383835
9 0.4999198262073817 0.12405089582452544 0.6037570715962144 0.12405089582452544 0.6037570715962144 0.15875561072781508 0.4999198262073817 0.15875561072781508
9 0.4700146995353979 0.12478929401395715 0.4899514506500538 0.12478929401395715 0.4899514506500538 0.15727881434895188 0.4700146995353979 0.15727881434895188
9 0.4388635259187481 0.12257409944566201 0.46087702194118063 0.12257409944566201 0.46087702194118063 0.1602324071066787 0.4388635259187481 0.1602324071066787
9 0.398574674707881 0.12331249763509372 0.4301411973060862 0.12331249763509372 0.4301411973060862 0.15727881434895188 0.398574674707881 0.15727881434895188
9 0.3690848970174525 0.12405089582452544 0.3898523460952192 0.12405089582452544 0.3898523460952192 0.15875561072781533 0.3690848970174525 0.15875561072781533
9 0.33793372340080274 0.12331249763509372 0.3591165214601245 0.12331249763509372 0.3591165214601245 0.1587556107278153 0.33793372340080274 0.1587556107278153
9 0.20626809624776293 0.12331249763509372 0.3287960458065854 0.12331249763509372 0.3287960458065854 0.15875561072781533 0.20626809624776293 0.15875561072781533
9 0.17594762059422378 0.12478929401395715 0.19588437170887962 0.12478929401395715 0.19588437170887962 0.16023240710667871 0.17594762059422378 0.16023240710667871
1 0.28726114765105243 0.20379790028314893 0.29722952320838036 0.20379790028314893 0.29722952320838036 0.220781058640078 0.28726114765105243 0.220781058640078
11 0.17843971448355578 0.19715231657826365 0.25154113523729393 0.19715231657826365 0.25154113523729393 0.22890343872382674 0.17843971448355578 0.22890343872382674
9 0.015367912317547234 0.12405089582452544 0.035304663432203114 0.12405089582452544 0.035304663432203114 0.159494008917247 0.015367912317547234 0.159494008917247
9 0.008722328612661945 0.23038023510269012 0.028243730745762485 0.23038023510269012 0.028243730745762485 0.26730014457427503 0.008722328612661945 0.26730014457427503
9 0.008306979631106614 0.27025373733200186 0.0269976838010965 0.27025373733200186 0.0269976838010965 0.3056968504247234 0.008306979631106614 0.3056968504247234
9 0.03032047565353914 0.272468931900297 0.046934434915752374 0.272468931900297 0.046934434915752374 0.30422005404586 0.03032047565353914 0.30422005404586
9 0.05233397167597167 0.27099213552143353 0.06977862890129556 0.27099213552143353 0.06977862890129556 0.30348165585642833 0.05233397167597167 0.30348165585642833
9 0.07227072279062755 0.27025373733200186 0.09926840659172402 0.27025373733200186 0.09926840659172402 0.30422005404586 0.07227072279062755 0.30422005404586
9 0.10383724538883263 0.27099213552143336 0.12211260057726724 0.27099213552143336 0.12211260057726724 0.3027432576669964 0.10383724538883263 0.3027432576669964
9 0.12460469446659922 0.27025373733200186 0.14288004965503376 0.27025373733200186 0.14288004965503376 0.30422005404586 0.12460469446659922 0.30422005404586
9 0.1445414455812551 0.27025373733200186 0.16323214975124495 0.27025373733200186 0.16323214975124495 0.30422005404586 0.1445414455812551 0.30422005404586
9 0.18524564577367747 0.27025373733200186 0.21265867855632933 0.27025373733200186 0.21265867855632933 0.30495845223529167 0.18524564577367747 0.30495845223529167
9 0.21764286633499338 0.27173053371086503 0.24547124809920054 0.27173053371086503 0.24547124809920054 0.30422005404585994 0.21764286633499338 0.30422005404585994
8 0.30901964227716255 0.6832644541984426 0.7144002482751665 0.6832644541984426 0.7144002482751665 0.7398749858105623 0.30901964227716255 0.7398749858105623
9 0.42116386729710525 0.824052379405776 0.44110061841176107 0.824052379405776 0.44110061841176107 0.8594954924984977 0.42116386729710525 0.8594954924984977
9 0.442346665356427 0.824052379405776 0.4614527185079718 0.824052379405776 0.4614527185079718 0.8594954924984977 0.442346665356427 0.8594954924984977
9 0.007891630649551283 0.8225755830269128 0.02782838176420716 0.8225755830269128 0.02782838176420716 0.8594954924984978 0.007891630649551283 0.8594954924984978
9 0.7180691223808043 0.6949117845057295 0.7388057567176293 0.6949117845057295 0.7388057567176293 0.7282093192114556 0.7180691223808043 0.7282093192114556
9 0.7421503751590525 0.6949117845057295 0.7628870094958775 0.6949117845057295 0.7628870094958775 0.7282093192114556 0.7421503751590525 0.7282093192114556
9 0.27894117801470986 0.27036821700772184 0.29700211759839606 0.27036821700772184 0.29700211759839606 0.3060441470495712 0.27894117801470986 0.3060441470495712
9 0.47422598100824465 0.4197867768257611 0.494293691656785 0.4197867768257611 0.494293691656785 0.45427350919954884 0.47422598100824465 0.45427350919954884
6 0.12291666666666673 0.825462962962963 0.4005208333333334 0.825462962962963 0.4005208333333334 0.8597222222222223 0.12291666666666673 0.8597222222222223
7 0.030208333333333323 0.8333333333333335 0.052083333333333336 0.8333333333333335 0.052083333333333336 0.850925925925926 0.030208333333333323 0.850925925925926
11 0.49635416666666665 0.4212962962962963 0.5151041666666667 0.4212962962962963 0.5151041666666667 0.4527777777777779 0.49635416666666665 0.4527777777777779
6 0.04479166666666668 0.12407407407407404 0.16666666666666666 0.12407407407407404 0.16666666666666666 0.15648148148148144 0.04479166666666668 0.15648148148148144
6 0.035937500000000004 0.19537037037037033 0.17708333333333334 0.19537037037037033 0.17708333333333334 0.22870370370370371 0.035937500000000004 0.22870370370370371
7 0.03020833333333334 0.24166666666666656 0.06927083333333334 0.24166666666666656 0.06927083333333334 0.2592592592592592 0.03020833333333334 0.2592592592592592
9 0.0078125 0.19537037037037033 0.03333333333333333 0.19537037037037033 0.03333333333333333 0.22777777777777777 0.0078125 0.22777777777777777
9 0.7731740584271055 0.0010810887891469511 0.7932417690756457 0.0010810887891469511 0.7932417690756457 0.03567593004184939 0.7731740584271055 0.03567593004184939
9 0.7999310059584925 0.0010810887891469511 0.863174700123589 0.0010810887891469511 0.863174700123589 0.03567593004184939 0.7999310059584925 0.03567593004184939
