9 0.03000289569246186 0.0062609566741798125 0.09926472890057605 0.0062609566741798125 0.09926472890057605 0.033391768928958995 0.03000289569246186 0.033391768928958995
9 0.10082996806912099 0.0062609566741798125 0.13291737102429255 0.0062609566741798125 0.13291737102429255 0.03269610707627236 0.10082996806912099 0.03269610707627236
9 0.13487391998497372 0.0062609566741798125 0.17243966003005262 0.0062609566741798125 0.17243966003005262 0.03269610707627236 0.13487391998497372 0.03269610707627236
9 0.17361358940646132 0.0062609566741798125 0.22252731342349114 0.0062609566741798125 0.22252731342349114 0.034087430781645646 0.17361358940646132 0.034087430781645646
9 0.2240925525920365 0.006260956674179822 0.2608756730528425 0.006260956674179822 0.2608756730528425 0.03153666711680884 0.2240925525920365 0.03153666711680884
9 0.8693025294264968 0.0006956618526866459 0.8892593288254448 0.0006956618526866459 0.8892593288254448 0.036174416339705584 0.8693025294264968 0.036174416339705584
9 0.8923898071625345 0.0013913237053732918 0.9131292261457553 0.0013913237053732918 0.9131292261457553 0.036870078192392235 0.8923898071625345 0.036870078192392235
2 0.9733909341347361 0.0020869855580599376 0.9937390433258205 0.0020869855580599376 0.9937390433258205 0.036870078192392235 0.9733909341347361 0.036870078192392235
3 0.9260424492862511 0.0006956618526866459 0.9459992486851994 0.0006956618526866459 0.9459992486851994 0.036870078192392235 0.9260424492862511 0.036870078192392235
4 0.9487384172301528 0.0006956618526866459 0.9706517655897822 0.0006956618526866459 0.9706517655897822 0.03547875448701894 0.9487384172301528 0.03547875448701894
9 0.8689112196343605 0.12313214792553633 0.889650638617581 0.12313214792553633 0.889650638617581 0.15861090241255527 0.8689112196343605 0.15861090241255527
9 0.899433383420987 0.12521913348359626 0.9186075632356627 0.12521913348359626 0.9186075632356627 0.15721957870718195 0.899433383420987 0.15721957870718195
9 0.9283903080390686 0.12313214792553633 0.9491297270222891 0.12313214792553633 0.9491297270222891 0.15861090241255527 0.9283903080390686 0.15861090241255527
9 0.015073253193088427 0.12452347163090963 0.03424743300776411 0.12452347163090963 0.03424743300776411 0.1579152405598686 0.015073253193088427 0.1579152405598686
9 0.17629288755321862 0.12313214792553633 0.24125031304783415 0.12313214792553633 0.24125031304783415 0.15861090241255527 0.17629288755321862 0.15861090241255527
9 0.25103305785124014 0.12313214792553633 0.3249906085649891 0.12313214792553633 0.3249906085649891 0.15791524055986858 0.25103305785124014 0.15791524055986858
9 0.33516466316053134 0.12452347163090963 0.395426371149512 0.12452347163090963 0.395426371149512 0.1586109024125553 0.33516466316053134 0.1586109024125553
9 0.4056004257450542 0.12382780977822297 0.4795579764588033 0.12382780977822297 0.4795579764588033 0.15861090241255527 0.4056004257450542 0.15861090241255527
9 0.48934072126220923 0.12382780977822297 0.5738636363636367 0.12382780977822297 0.5738636363636367 0.1579152405598686 0.48934072126220923 0.1579152405598686
9 0.5840376909591789 0.12313214792553633 0.625125219133484 0.12313214792553633 0.625125219133484 0.15791524055986858 0.5840376909591789 0.15791524055986858
9 0.014869772101177054 0.19548098060494748 0.03521788129226145 0.19548098060494748 0.03521788129226145 0.22887274953390652 0.014869772101177054 0.22887274953390652
11 0.183915602304032 0.2330467206500264 0.21052466816929621 0.2330467206500264 0.21052466816929621 0.2657428277262987 0.183915602304032 0.2657428277262987
11 0.18548084147257696 0.27061246069510525 0.216785624843476 0.27061246069510525 0.216785624843476 0.30261290591869094 0.18548084147257696 0.30261290591869094
9 0.21208990733784114 0.233742382502713 0.22539444027047326 0.233742382502713 0.22539444027047326 0.2664384895789854 0.21208990733784114 0.2664384895789854
11 0.18469822188830448 0.3074825388874975 0.25748184322564477 0.3074825388874975 0.25748184322564477 0.3394829841110832 0.18469822188830448 0.3394829841110832
11 0.18469822188830448 0.3436569552272031 0.32635236664162276 0.3436569552272031 0.32635236664162276 0.37704872415616203 0.18469822188830448 0.37704872415616203
11 0.18469822188830448 0.3812226952722819 0.22382920110192828 0.3812226952722819 0.22382920110192828 0.4139188023485544 0.18469822188830448 0.4139188023485544
11 0.18548084147257696 0.4187884353173608 0.25748184322564477 0.4187884353173608 0.25748184322564477 0.4514845423936331 0.18548084147257696 0.4514845423936331
11 0.18548084147257696 0.4542671898043798 0.2582644628099173 0.4542671898043798 0.2582644628099173 0.4869632968806521 0.18548084147257696 0.4869632968806521
11 0.18469822188830448 0.4925285917021453 0.2570905334335085 0.4925285917021453 0.2570905334335085 0.5259203606311043 0.18469822188830448 0.5259203606311043
11 0.18430691209616826 0.528703008041851 0.3392655897821186 0.528703008041851 0.3392655897821186 0.5620947769708099 0.18430691209616826 0.5620947769708099
11 0.15104557976458796 0.640704566324401 0.2582644628099173 0.640704566324401 0.2582644628099173 0.6734006734006732 0.15104557976458796 0.6734006734006732
11 0.15065426997245174 0.6775746445167932 0.32596105684948645 0.6775746445167932 0.32596105684948645 0.7102707515930655 0.15065426997245174 0.7102707515930655
11 0.15065426997245174 0.750619139048891 0.359613698973203 0.750619139048891 0.359613698973203 0.7840109079778501 0.15065426997245174 0.7840109079778501
11 0.15104557976458796 0.7881848790939698 0.22422051089406453 0.7881848790939698 0.22422051089406453 0.8208809861702422 0.15104557976458796 0.8208809861702422
11 0.15104557976458796 0.8257506191390486 0.22382920110192828 0.8257506191390486 0.22382920110192828 0.8584467262153209 0.15104557976458796 0.8584467262153209
6 0.04479166666666667 0.12314814814814815 0.1661458333333333 0.12314814814814815 0.1661458333333333 0.15648148148148147 0.04479166666666667 0.15648148148148147
9 0.014583333333333332 0.6027777777777779 0.03541666666666666 0.6027777777777779 0.03541666666666666 0.6361111111111111 0.014583333333333332 0.6361111111111111
9 0.7723958333333336 0.0009259259259259259 0.7932291666666669 0.0009259259259259259 0.7932291666666669 0.03611111111111111 0.7723958333333336 0.03611111111111111
9 0.7989583333333335 0.0018518518518518517 0.8625000000000003 0.0018518518518518517 0.8625000000000003 0.03796296296296297 0.7989583333333335 0.03796296296296297
