11 0.42022758577510666 0.2730013634972313 0.5411423115452043 0.2730013634972313 0.5411423115452043 0.3001321757520105 0.42022758577510666 0.3001321757520105
9 0.5419249311294773 0.27369702534991797 0.5540555346857007 0.27369702534991797 0.5540555346857007 0.2994365138993239 0.5419249311294773 0.2994365138993239
11 0.42022758577510666 0.305001808720817 0.44605403205609834 0.305001808720817 0.44605403205609834 0.3307412972702229 0.42022758577510666 0.3307412972702229
11 0.42101020535937905 0.4302209422044132 0.480097983971951 0.4302209422044132 0.480097983971951 0.4573517544591925 0.42101020535937905 0.4573517544591925
11 0.548968507387929 0.4295252803517266 0.6092302153769097 0.4295252803517266 0.6092302153769097 0.4566560926065058 0.548968507387929 0.4566560926065058
6 0.4206188955672428 0.5561357375406962 0.6096215251690459 0.5561357375406962 0.6096215251690459 0.5832665497954753 0.4206188955672428 0.5832665497954753
9 0.632708802905084 0.6396151598630937 0.6530569120961685 0.6396151598630937 0.6530569120961685 0.6688329576759328 0.632708802905084 0.6688329576759328
9 0.6550134610568495 0.6396151598630937 0.736014588029051 0.6396151598630937 0.736014588029051 0.6681372958232462 0.6550134610568495 0.6681372958232462
9 0.7614497245179065 0.6403108217157804 0.7814065239168547 0.6403108217157804 0.7814065239168547 0.6674416339705596 0.7614497245179065 0.6674416339705596
2 0.7684933007763587 0.22708768121991268 0.7872761707988982 0.22708768121991268 0.7872761707988982 0.26117511200155824 0.7684933007763587 0.26117511200155824
