9 0.030208333333333334 0.006481481481481481 0.0989583333333333 0.006481481481481481 0.0989583333333333 0.032407407407407406 0.030208333333333334 0.032407407407407406
9 0.1 0.006481481481481481 0.13333333333333333 0.006481481481481481 0.13333333333333333 0.03333333333333333 0.1 0.03333333333333333
9 0.13541666666666669 0.005555555555555556 0.1729166666666667 0.005555555555555556 0.1729166666666667 0.03333333333333333 0.13541666666666669 0.03333333333333333
9 0.17395833333333333 0.005555555555555556 0.22239583333333332 0.005555555555555556 0.22239583333333332 0.032407407407407406 0.17395833333333333 0.032407407407407406
9 0.22395833333333337 0.005555555555555556 0.2609375 0.005555555555555556 0.2609375 0.032407407407407406 0.22395833333333337 0.032407407407407406
9 0.014583333333333332 0.12314814814814815 0.034374999999999996 0.12314814814814815 0.034374999999999996 0.16018518518518518 0.014583333333333332 0.16018518518518518
9 0.17656249999999993 0.12407407407407398 0.240625 0.12407407407407398 0.240625 0.15833333333333321 0.17656249999999993 0.15833333333333321
9 0.25104166666666666 0.12407407407407404 0.3249999999999999 0.12407407407407404 0.3249999999999999 0.1583333333333333 0.25104166666666666 0.1583333333333333
9 0.3359375 0.12407407407407404 0.3958333333333333 0.12407407407407404 0.3958333333333333 0.15740740740740738 0.3359375 0.15740740740740738
9 0.40572916666666664 0.12407407407407404 0.47968749999999993 0.12407407407407404 0.47968749999999993 0.1592592592592592 0.40572916666666664 0.1592592592592592
9 0.4890625 0.12407407407407404 0.5739583333333333 0.12407407407407404 0.5739583333333333 0.15740740740740738 0.4890625 0.15740740740740738
9 0.584375 0.12407407407407398 0.6260416666666674 0.12407407407407398 0.6260416666666674 0.15833333333333327 0.584375 0.15833333333333327
9 0.8697916666666667 0.0009259259259259259 0.8895833333333335 0.0009259259259259259 0.8895833333333335 0.03425925925925926 0.8697916666666667 0.03425925925925926
9 0.8927083333333335 0.0018518518518518517 0.9119791666666669 0.0018518518518518517 0.9119791666666669 0.03611111111111111 0.8927083333333335 0.03611111111111111
9 0.8687500000000002 0.12314814814814815 0.8885416666666668 0.12314814814814815 0.8885416666666668 0.15833333333333333 0.8687500000000002 0.15833333333333333
9 0.899479166666667 0.12314814814814815 0.9203125000000001 0.12314814814814815 0.9203125000000001 0.15833333333333333 0.899479166666667 0.15833333333333333
9 0.9291666666666668 0.12314814814814815 0.9505208333333335 0.12314814814814815 0.9505208333333335 0.15833333333333333 0.9291666666666668 0.15833333333333333
2 0.9729166666666669 0.0018518518518518517 0.993229166666667 0.0018518518518518517 0.993229166666667 0.03518518518518519 0.9729166666666669 0.03518518518518519
3 0.9265625000000003 0.002777777777777778 0.9468750000000002 0.002777777777777778 0.9468750000000002 0.03611111111111111 0.9265625000000003 0.03611111111111111
4 0.9489583333333336 0.0009259259259259259 0.9713541666666666 0.0009259259259259259 0.9713541666666666 0.03703703703703703 0.9489583333333336 0.03703703703703703
11 0.1651041666666667 0.23240740740740748 0.3390625000000001 0.23240740740740748 0.3390625000000001 0.2657407407407408 0.1651041666666667 0.2657407407407408
11 0.1640625 0.27037037037037037 0.33854166666666674 0.27037037037037037 0.33854166666666674 0.3037037037037037 0.1640625 0.3037037037037037
11 0.16354166666666667 0.41759259259259257 0.33854166666666674 0.41759259259259257 0.33854166666666674 0.44999999999999996 0.16354166666666667 0.44999999999999996
11 0.3416666666666666 0.41851851851851846 0.3994791666666666 0.41851851851851846 0.3994791666666666 0.4499999999999999 0.3416666666666666 0.4499999999999999
11 0.1651041666666667 0.45555555555555555 0.22968750000000002 0.45555555555555555 0.22968750000000002 0.4888888888888889 0.1651041666666667 0.4888888888888889
11 0.23281250000000006 0.45648148148148154 0.40052083333333344 0.45648148148148154 0.40052083333333344 0.48796296296296326 0.23281250000000006 0.48796296296296326
11 0.16510416666666747 0.49166666666666675 0.2442708333333341 0.49166666666666675 0.2442708333333341 0.525925925925927 0.16510416666666747 0.525925925925927
11 0.16458333333333333 0.6018518518518519 0.27864583333333337 0.6018518518518519 0.27864583333333337 0.6351851851851852 0.16458333333333333 0.6351851851851852
11 0.29322916666666665 0.6037037037037037 0.35885416666666675 0.6037037037037037 0.35885416666666675 0.636111111111111 0.29322916666666665 0.636111111111111
11 0.1640625 0.6398148148148148 0.278125 0.6398148148148148 0.278125 0.6731481481481482 0.1640625 0.6731481481481482
11 0.29375 0.6407407407407407 0.359375 0.6407407407407407 0.359375 0.6722222222222222 0.29375 0.6722222222222222
11 0.1640625 0.6777777777777777 0.35989583333333325 0.6777777777777777 0.35989583333333325 0.7092592592592591 0.1640625 0.7092592592592591
9 0.7718750000000001 0.0009259259259259259 0.7927083333333332 0.0009259259259259259 0.7927083333333332 0.03611111111111111 0.7718750000000001 0.03611111111111111
9 0.7989583333333334 0.0018518518518518517 0.8625 0.0018518518518518517 0.8625 0.03703703703703703 0.7989583333333334 0.03703703703703703
6 0.045312500000000006 0.12314814814814817 0.16666666666666666 0.12314814814814817 0.16666666666666666 0.1555555555555556 0.045312500000000006 0.1555555555555556
