2 0.7113798854979575 0.1367577318270893 0.7334543672113518 0.1367577318270893 0.7334543672113518 0.17600125487312362 0.7113798854979575 0.17600125487312362
2 0.9715912002406962 1.1102230246251566e-18 0.9936656819540904 1.1102230246251566e-18 0.9936656819540904 0.03924352304603431 0.9715912002406962 0.03924352304603431
3 0.9237426995355471 0.0 0.946486104937226 0.0 0.946486104937226 0.038054325377972674 0.9237426995355471 0.038054325377972674
4 0.9495266671567021 0.001081088789146951 0.9695943778052422 0.001081088789146951 0.9695943778052422 0.03783810762014328 0.9495266671567021 0.03783810762014328
9 0.43992886630398104 0.44830189536739423 0.4594948927078272 0.44830189536739423 0.4594948927078272 0.483696188745112 0.43992886630398104 0.483696188745112
9 0.4395856026828609 0.48674742093284634 0.4601814199500674 0.48674742093284634 0.4601814199500674 0.5203109749979234 0.4395856026828609 0.5203109749979234
9 0.46704669237246965 0.31404767910708525 0.4859261915340756 0.31404767910708525 0.4859261915340756 0.34700098673461566 0.46704669237246965 0.34700098673461566
9 0.008238326906882592 0.23166441003825933 0.028147616931848862 0.23166441003825933 0.028147616931848862 0.2664484569784302 0.008238326906882592 0.2664484569784302
9 0.008238326906882592 0.26949968916616457 0.02746108968960864 0.26949968916616457 0.02746108968960864 0.30489398254388234 0.008238326906882592 0.30489398254388234
9 0.028834144174089076 0.26888944272861776 0.04771364333569503 0.26888944272861776 0.04771364333569503 0.30550422898142926 0.028834144174089076 0.30550422898142926
9 0.05217607041025642 0.2682791962910709 0.07071230595074225 0.2682791962910709 0.07071230595074225 0.3061144754189761 0.05217607041025642 0.3061144754189761
9 0.07139883319298247 0.2682791962910709 0.10023297736707153 0.2682791962910709 0.10023297736707153 0.3061144754189761 0.07139883319298247 0.3061144754189761
9 0.10400887719939275 0.27010993560371144 0.12288837636099871 0.27010993560371144 0.12288837636099871 0.3048939825438822 0.10400887719939275 0.3048939825438822
9 0.1242614308454791 0.26949968916616457 0.14314093000708503 0.26949968916616457 0.14314093000708503 0.3055042289814292 0.1242614308454791 0.3055042289814292
9 0.14417072087044538 0.26949968916616457 0.16408001089541166 0.26949968916616457 0.16408001089541166 0.30489398254388234 0.14417072087044538 0.30489398254388234
9 0.800834028073212 0.1214390410718249 0.8221163725826588 0.1214390410718249 0.8221163725826588 0.16049481307482386 0.800834028073212 0.16049481307482386
9 0.831384490352902 0.1214390410718249 0.8526668348623487 0.1214390410718249 0.8526668348623487 0.16049481307482386 0.831384490352902 0.16049481307482386
9 0.8612484253903514 0.12082879463427802 0.8825307698997981 0.12082879463427802 0.8825307698997981 0.159884566637277 0.8612484253903514 0.159884566637277
9 0.8914556240489211 0.12204928750937175 0.9127379685583678 0.12204928750937175 0.9127379685583678 0.1611050595123707 0.8914556240489211 0.1611050595123707
9 0.9220060863286108 0.11899805532163743 0.9508402305026998 0.11899805532163743 0.9508402305026998 0.15805382732463638 0.9220060863286108 0.15805382732463638
9 0.8924854149122815 0.0012204928750937176 0.9137677594217283 0.0012204928750937176 0.9137677594217283 0.038445525565452096 0.8924854149122815 0.038445525565452096
9 0.8688002250549941 -1.6653345369377351e-18 0.8900825695644409 -1.6653345369377351e-18 0.8900825695644409 0.03722503269035838 0.8688002250549941 0.03722503269035838
9 0.5145833333333334 0.8175925925925926 0.534375 0.8175925925925926 0.534375 0.8537037037037039 0.5145833333333334 0.8537037037037039
9 0.18958333333333338 0.3138888888888889 0.2083333333333334 0.3138888888888889 0.2083333333333334 0.3472222222222222 0.18958333333333338 0.3472222222222222
9 0.21250000000000002 0.31296296296296294 0.23072916666666674 0.31296296296296294 0.23072916666666674 0.3481481481481482 0.21250000000000002 0.3481481481481482
9 0.2322916666666667 0.31296296296296294 0.2510416666666668 0.31296296296296294 0.2510416666666668 0.3472222222222222 0.2322916666666667 0.3472222222222222
9 0.2526041666666667 0.31203703703703706 0.27187500000000003 0.31203703703703706 0.27187500000000003 0.34814814814814815 0.2526041666666667 0.34814814814814815
9 0.27291666666666664 0.31111111111111106 0.2921875 0.31111111111111106 0.2921875 0.34907407407407404 0.27291666666666664 0.34907407407407404
