9 0.0010416666666666667 0.03425925925925926 0.013541666666666667 0.03425925925925926 0.013541666666666667 0.05462962962962963 0.0010416666666666667 0.05462962962962963
9 0.034374999999999996 0.030555555555555555 0.05052083333333333 0.030555555555555555 0.05052083333333333 0.05555555555555555 0.034374999999999996 0.05555555555555555
9 0.05260416666666667 0.030555555555555555 0.06822916666666669 0.030555555555555555 0.06822916666666669 0.05555555555555555 0.05260416666666667 0.05555555555555555
9 0.07083333333333333 0.032407407407407406 0.08645833333333335 0.032407407407407406 0.08645833333333335 0.05462962962962963 0.07083333333333333 0.05462962962962963
9 0.125 0.032407407407407406 0.140625 0.032407407407407406 0.140625 0.05462962962962963 0.125 0.05462962962962963
9 0.14375000000000002 0.03148148148148148 0.15937500000000002 0.03148148148148148 0.15937500000000002 0.05555555555555555 0.14375000000000002 0.05555555555555555
9 0.18020833333333333 0.030555555555555555 0.1963541666666667 0.030555555555555555 0.1963541666666667 0.05462962962962963 0.18020833333333333 0.05462962962962963
2 0.9848958333333334 0.0 1.0 0.0 1.0 0.029012340969509543 0.9848958333333334 0.029012340969509543
3 0.9546875000000006 0.0 0.9677083333333345 0.0 0.9677083333333345 0.030555555555555548 0.9546875000000006 0.030555555555555548
4 0.9687500000000003 0.0 0.9838541666666669 0.0 0.9838541666666669 0.029629629629629627 0.9687500000000003 0.029629629629629627
