1 0.26457948248717006 0.281455937687079 0.2734769142605455 0.281455937687079 0.2734769142605455 0.29727359417307975 0.26457948248717006 0.29727359417307975
1 0.26396586650279935 0.3752710037419801 0.27409053024491625 0.3752710037419801 0.27409053024491625 0.3921795330890843 0.26396586650279935 0.3921795330890843
1 0.2642726744949847 0.4701769426579846 0.27317010626836014 0.4701769426579846 0.27317010626836014 0.4865400355745372 0.2642726744949847 0.4865400355745372
1 0.26457948248717006 0.5007213827688827 0.2728632982761748 0.5007213827688827 0.2728632982761748 0.5170844756854351 0.26457948248717006 0.5170844756854351
1 0.2642726744949847 0.532902132171436 0.2734769142605455 0.532902132171436 0.2734769142605455 0.5492652250879884 0.2642726744949847 0.5492652250879884
1 0.2642726744949847 0.6899878241703401 0.2737837222527308 0.6899878241703401 0.2737837222527308 0.7074417899479963 0.2642726744949847 0.7074417899479963
1 0.263659058510614 0.7216231371423417 0.2740905302449163 0.7216231371423417 0.2740905302449163 0.7385316664894459 0.263659058510614 0.7385316664894459
1 0.263659058510614 0.8159836396277946 0.2734769142605456 0.8159836396277946 0.2734769142605456 0.8334376054054506 0.263659058510614 0.8334376054054506
6 0.507358160571131 0.24420586831036567 0.6377982797866432 0.24420586831036567 0.6377982797866432 0.2727466123438451 0.507358160571131 0.2727466123438451
9 0.7779173354894876 0.8953506052105751 0.7993228935145973 0.8953506052105751 0.7993228935145973 0.9215129539079314 0.7779173354894876 0.9215129539079314
2 0.8073499777740133 0.10453415594958045 0.8260798410459843 0.10453415594958045 0.8260798410459843 0.13783169065530654 0.8073499777740133 0.13783169065530654
11 0.2641839428868563 0.5910312410266382 0.2842516535353966 0.5910312410266382 0.2842516535353966 0.6171935897239944 0.2641839428868563 0.6171935897239944
