2 0.69349032305755 0.2713050117146811 0.7110803524264184 0.2713050117146811 0.7110803524264184 0.3025761750371136 0.69349032305755 0.3025761750371136
9 0.6939928953252328 0.315978102175299 0.7110803524264191 0.315978102175299 0.7110803524264191 0.3454623418793067 0.6939928953252328 0.3454623418793067
11 0.427629593453799 0.3785204288201639 0.6356945122741263 0.3785204288201639 0.6356945122741263 0.4071112067149592 0.427629593453799 0.4071112067149592
11 0.427629593453799 0.4106850539518087 0.6356945122741263 0.4106850539518087 0.6356945122741263 0.43748890822817943 0.427629593453799 0.43748890822817943
11 0.4271270211861171 0.4428496790834536 0.44672733962571326 0.4428496790834536 0.44672733962571326 0.4678666097413995 0.4271270211861171 0.4678666097413995
11 0.4271270211861171 0.47322738059667363 0.4462247673580313 0.47322738059667363 0.4462247673580313 0.5000312348730441 0.4271270211861171 0.5000312348730441
11 0.427629593453799 0.5053920057283184 0.568349828404745 0.5053920057283184 0.568349828404745 0.5313023981954768 0.427629593453799 0.5313023981954768
11 0.42662444891843515 0.5357697072415386 0.6356945122741264 0.5357697072415386 0.6356945122741264 0.5625735615179092 0.42662444891843515 0.5625735615179092
11 0.4271270211861172 0.5688277941823957 0.4999999999999999 0.5688277941823957 0.4999999999999999 0.5938447248403417 0.4271270211861172 0.5938447248403417
11 0.4271270211861172 0.6304766590180483 0.4597942185854439 0.6304766590180483 0.4597942185854439 0.6581739751036312 0.4271270211861172 0.6581739751036312
1 0.47487138661590245 0.6358374298733225 0.4849228319695415 0.6358374298733225 0.4849228319695415 0.6528132042483572 0.47487138661590245 0.6528132042483572
9 0.6437356685570376 0.3776269670109515 0.6693668542088171 0.3776269670109515 0.6693668542088171 0.4071112067149592 0.6437356685570376 0.4071112067149592
9 0.6437356685570376 0.4106850539518087 0.6693668542088171 0.4106850539518087 0.6693668542088171 0.43838237003739183 0.6437356685570376 0.43838237003739183
9 0.6442382408247197 0.4410627554650289 0.6698694264764992 0.4410627554650289 0.6698694264764992 0.4696535333598243 0.6442382408247197 0.4696535333598243
9 0.6442382408247197 0.474120842405886 0.6693668542088173 0.474120842405886 0.6693668542088173 0.5018181584914689 0.6442382408247197 0.5018181584914689
9 0.6442382408247197 0.5044985439191061 0.6698694264764992 0.5044985439191061 0.6698694264764992 0.5321958600046891 0.6442382408247197 0.5321958600046891
9 0.6442382408247197 0.536663169050751 0.6693668542088173 0.536663169050751 0.6693668542088173 0.5634670233271215 0.6442382408247197 0.5634670233271215
9 0.6447408130924015 0.567040870563971 0.6703719987441812 0.567040870563971 0.6703719987441812 0.5956316484587664 0.6447408130924015 0.5956316484587664
9 0.6412228072186278 0.715355530893222 0.6623308424612697 0.715355530893222 0.6623308424612697 0.7421593851695928 0.6412228072186278 0.7421593851695928
9 0.6643411315319976 0.715355530893222 0.6844440222392756 0.715355530893222 0.6844440222392756 0.7421593851695928 0.6643411315319976 0.7421593851695928
9 0.005528294944501453 0.6336806582229341 0.024626041116415563 0.6336806582229341 0.024626041116415563 0.661377974308517 0.005528294944501453 0.661377974308517
7 0.026133757919461417 0.6363610436505712 0.047241793162103314 0.6363610436505712 0.047241793162103314 0.6578041270716678 0.026133757919461417 0.6578041270716678
2 0.9839176874341774 0.008041156282911204 0.9969845663939082 0.008041156282911204 0.9969845663939082 0.03127116332243247 0.9839176874341774 0.03127116332243247
3 0.9547684959086243 0.009828079901335916 0.9668302303329912 0.009828079901335916 0.9668302303329912 0.03484501055928188 0.9547684959086243 0.03484501055928188
4 0.969845663939083 0.008041156282911204 0.9829125428988136 0.008041156282911204 0.9829125428988136 0.03127116332243247 0.969845663939083 0.03127116332243247
