9 0.007826195842724763 0.056285368081010395 0.0241900598775129 0.056285368081010395 0.0241900598775129 0.08790636138494884 0.007826195842724763 0.08790636138494884
9 0.1686189467932517 0.05628536808101044 0.1878287002253943 0.05628536808101044 0.1878287002253943 0.08727394151887014 0.1686189467932517 0.08727394151887014
6 0.03237199189490698 0.053755688616695343 0.14585183161441606 0.053755688616695343 0.14585183161441606 0.0834794223223975 0.03237199189490698 0.0834794223223975
9 0.19636636841745772 0.056285368081010416 0.21344170480158448 0.056285368081010416 0.21344170480158448 0.08664152165279133 0.19636636841745772 0.08664152165279133
9 0.2169990665482775 0.05755020781316797 0.23300719440839632 0.05755020781316797 0.23300719440839632 0.08790636138494891 0.2169990665482775 0.08790636138494891
9 0.23727602850442808 0.056917787947089085 0.2536398925392159 0.056917787947089085 0.2536398925392159 0.08790636138494867 0.23727602850442808 0.08790636138494867
9 0.2838774673861073 0.05628536808101044 0.30095280377023415 0.05628536808101044 0.30095280377023415 0.0885387812510276 0.2838774673861073 0.0885387812510276
9 0.4179900052364362 0.057550207813167956 0.4361325501445708 0.057550207813167956 0.4361325501445708 0.08727394151887011 0.4179900052364362 0.08727394151887011
9 0.43826696719258673 0.056285368081010416 0.45569803975138284 0.056285368081010416 0.45569803975138284 0.08664152165279133 0.43826696719258673 0.08664152165279133
9 0.4645914441181155 0.056285368081010416 0.4823782528515809 0.056285368081010416 0.4823782528515809 0.08664152165279133 0.4645914441181155 0.08664152165279133
9 0.48557987842360467 0.056285368081010416 0.5026552148077313 0.056285368081010416 0.5026552148077313 0.08664152165279133 0.48557987842360467 0.08664152165279133
2 0.985414816838558 0.009486297991181532 0.9964426382533066 0.009486297991181532 0.9964426382533066 0.030356153571780894 0.985414816838558 0.030356153571780894
3 0.9541100334676592 0.009486297991181532 0.9676280081050929 0.009486297991181532 0.9676280081050929 0.036047932366489815 0.9541100334676592 0.036047932366489815
4 0.9694066889784395 0.008221458259023994 0.9836361359652117 0.008221458259023994 0.9836361359652117 0.03225341317001722 0.9694066889784395 0.03225341317001722
9 0.007826195842724764 0.09928991897436669 0.03130478337089906 0.09928991897436669 0.03130478337089906 0.12648397321575375 0.007826195842724764 0.12648397321575375
9 0.16826321061858238 0.14292688973380174 0.18462707465337053 0.14292688973380174 0.18462707465337053 0.17454788303774013 0.16826321061858238 0.17454788303774013
9 0.192097534321426 0.14102963013556544 0.20668271748286765 0.14102963013556544 0.20668271748286765 0.17265062343950388 0.192097534321426 0.17265062343950388
9 0.21379744097625378 0.1441917294659593 0.23016130501104193 0.1441917294659593 0.23016130501104193 0.1739154631716614 0.21379744097625378 0.1739154631716614
9 0.2419005987751291 0.1460889890641956 0.2579087266352479 0.1460889890641956 0.2579087266352479 0.17454788303774016 0.2419005987751291 0.17454788303774016
9 0.2646677139539647 0.1441917294659593 0.2824545226874301 0.1441917294659593 0.2824545226874301 0.17454788303774016 0.2646677139539647 0.17454788303774016
9 0.28885777383147765 0.1441917294659593 0.30486590169159644 0.1441917294659593 0.30486590169159644 0.17265062343950388 0.28885777383147765 0.17265062343950388
9 0.306644582564943 0.14545656919811684 0.3913097921362381 0.14545656919811684 0.3913097921362381 0.1745478830377402 0.306644582564943 0.1745478830377402
9 0.41336543496573536 0.14735382879635311 0.5076355212531019 0.14735382879635311 0.5076355212531019 0.17286142684487638 0.41336543496573536 0.17286142684487638
9 0.5304026364319383 0.14798624866243187 0.6357005441340523 0.14798624866243187 0.6357005441340523 0.17096416724664001 0.5304026364319383 0.17096416724664001
1 0.283903080390684 0.19984467768089093 0.2924407485827475 0.19984467768089093 0.2924407485827475 0.21439033460070261 0.283903080390684 0.21439033460070261
11 0.17504781094187596 0.1928880591540245 0.24832946292375327 0.1928880591540245 0.24832946292375327 0.22071453326149035 0.17504781094187596 0.22071453326149035
6 0.03201625572023767 0.1922556392879457 0.173599253238622 0.1922556392879457 0.173599253238622 0.22134695312756905 0.03201625572023767 0.22134695312756905
9 0.004980306445370304 0.1928880591540245 0.03166051954556835 0.1928880591540245 0.03166051954556835 0.22261179285972663 0.004980306445370304 0.22261179285972663
9 0.006047514969378226 0.22514147232404175 0.02490153222685152 0.22514147232404175 0.02490153222685152 0.25360036629758637 0.006047514969378226 0.25360036629758637
9 0.004980306445370304 0.2554976258958226 0.024190059877512902 0.2554976258958226 0.024190059877512902 0.2839565198693672 0.004980306445370304 0.2839565198693672
9 0.044467021833663425 0.2580273053601377 0.060119413519112964 0.2580273053601377 0.060119413519112964 0.2820592602711308 0.044467021833663425 0.2820592602711308
9 0.06830134553650703 0.25865972522621644 0.08430947339662588 0.25865972522621644 0.08430947339662588 0.2820592602711309 0.06830134553650703 0.2820592602711309
9 0.08644389044464171 0.25865972522621644 0.10743232475013086 0.25865972522621644 0.10743232475013086 0.2826916801372097 0.08644389044464171 0.2826916801372097
9 0.11525852059285562 0.2573948854940589 0.13197812080231305 0.2573948854940589 0.13197812080231305 0.2820592602711309 0.11525852059285562 0.2820592602711309
9 0.1337568016756596 0.2580273053601377 0.14976492953577844 0.2580273053601377 0.14976492953577844 0.28269168013720963 0.1337568016756596 0.28269168013720963
9 0.15225508275846358 0.2580273053601377 0.16861894679325176 0.2580273053601377 0.16861894679325176 0.28332410000328845 0.15225508275846358 0.28332410000328845
9 0.18854017257473296 0.2580273053601377 0.20917287070555277 0.2580273053601377 0.20917287070555277 0.2820592602711308 0.18854017257473296 0.2820592602711308
9 0.21699906654827752 0.2580273053601377 0.23869897320310526 0.2580273053601377 0.23869897320310526 0.2820592602711308 0.21699906654827752 0.2820592602711308
9 0.24118912642579043 0.2580273053601377 0.26182182455661024 0.2580273053601377 0.26182182455661024 0.28269168013720963 0.24118912642579043 0.28269168013720963
9 0.2700037565740043 0.2580273053601377 0.28636762060879245 0.2580273053601377 0.28636762060879245 0.2820592602711308 0.2700037565740043 0.2820592602711308
9 0.28885777383147765 0.25865972522621644 0.30949047196229745 0.25865972522621644 0.30949047196229745 0.2826916801372097 0.28885777383147765 0.2826916801372097
9 0.3116248890103133 0.2580273053601377 0.33296905949047173 0.2580273053601377 0.33296905949047173 0.28269168013720963 0.3116248890103133 0.28269168013720963
9 0.3351034765384876 0.2580273053601377 0.3560919108439767 0.2580273053601377 0.3560919108439767 0.2820592602711308 0.3351034765384876 0.2820592602711308
9 0.3642738428613708 0.25865972522621644 0.3802819707214897 0.25865972522621644 0.3802819707214897 0.2820592602711309 0.3642738428613708 0.2820592602711309
9 0.38775243038954504 0.2580273053601377 0.4044720305990025 0.2580273053601377 0.4044720305990025 0.2814268404050521 0.38775243038954504 0.2814268404050521
9 0.40660644764701837 0.2580273053601377 0.42225883933246794 0.2580273053601377 0.42225883933246794 0.2820592602711308 0.40660644764701837 0.2820592602711308
9 0.424748992555153 0.2580273053601377 0.44075712041527193 0.2580273053601377 0.44075712041527193 0.28269168013720963 0.424748992555153 0.28269168013720963
9 0.448939052432666 0.2580273053601377 0.5247108576372285 0.2580273053601377 0.5247108576372285 0.28269168013720963 0.448939052432666 0.28269168013720963
9 0.5272010108599136 0.2580273053601377 0.5432091387200324 0.2580273053601377 0.5432091387200324 0.2820592602711308 0.5272010108599136 0.2820592602711308
9 0.5446320834187096 0.2567624656279801 0.5617074198028364 0.2567624656279801 0.5617074198028364 0.2833241000032884 0.5446320834187096 0.2833241000032884
9 0.005336042620039612 0.5381893060330323 0.02490153222685152 0.5381893060330323 0.02490153222685152 0.5679130397387344 0.005336042620039612 0.5679130397387344
6 0.11988309086355695 0.53945414576519 0.39735730710561634 0.53945414576519 0.39735730710561634 0.5668590065783431 0.11988309086355695 0.5668590065783431
9 0.4187014775857748 0.5381893060330322 0.43719975866857885 0.5381893060330322 0.43719975866857885 0.5672806198726557 0.4187014775857748 0.5672806198726557
9 0.438622703367256 0.5388217258991111 0.45783245679939866 0.5388217258991111 0.45783245679939866 0.5685454596048133 0.438622703367256 0.5685454596048133
9 0.6008383990164603 0.6324198660787688 0.7765720693030981 0.6324198660787688 0.7765720693030981 0.6621435997844709 0.6008383990164603 0.6621435997844709
6 0.1821369214306854 0.6336847058109263 0.4037605582496639 0.6336847058109263 0.4037605582496639 0.6608787600523133 0.1821369214306854 0.6608787600523133
11 0.1814254490813466 0.6969266924188032 0.4578324567993987 0.6969266924188032 0.4578324567993987 0.7234883267941115 0.1814254490813466 0.7234883267941115
11 0.4048277667736718 0.7285476857227416 0.4574767206247293 0.7285476857227416 0.4574767206247293 0.7557417399641287 0.4048277667736718 0.7557417399641287
11 0.1810697129066776 0.7279152658566629 0.403760558249664 0.7279152658566629 0.403760558249664 0.7551093200980502 0.1810697129066776 0.7551093200980502
11 0.18142544908134614 0.7595362591606015 0.45818819297406793 0.7595362591606015 0.45818819297406793 0.7875735398398334 0.18142544908134614 0.7875735398398334
11 0.1817811852560161 0.7911572524645397 0.25470710106322414 0.7911572524645397 0.25470710106322414 0.8177188868398481 0.1817811852560161 0.8177188868398481
11 0.2561300457618993 0.7911572524645397 0.5321813173052838 0.7911572524645397 0.5321813173052838 0.8191945331437713 0.2561300457618993 0.8191945331437713
11 0.1814254490813464 0.66467327924879 0.45818819297406826 0.66467327924879 0.45818819297406826 0.6924997533562558 0.1814254490813464 0.6924997533562558
7 0.2315842497097191 0.8284700245631871 0.2692922842246658 0.8284700245631871 0.2692922842246658 0.8474426205455501 0.2315842497097191 0.8474426205455501
11 0.18142544908134678 0.8227782457684782 0.20703845365753695 0.8227782457684782 0.20703845365753695 0.8499723000098652 0.18142544908134678 0.8499723000098652
11 0.6751363838418061 0.7607586277393856 0.7487179895531203 0.7607586277393856 0.7487179895531203 0.7875070392961657 0.6751363838418061 0.7875070392961657
11 0.675587666689011 0.7918313944527536 0.7487179895531205 0.7918313944527536 0.7487179895531205 0.8177775253922804 0.675587666689011 0.8177775253922804
11 0.6757444962857012 0.8221018805488686 0.7487179895531203 0.8221018805488686 0.7487179895531203 0.8491291002775422 0.6757444962857012 0.8491291002775422
1 0.7499342144409106 0.8285884132837502 0.7605369748099035 0.8285884132837502 0.7605369748099035 0.8448047451209545 0.7499342144409106 0.8448047451209545
