9 0.006633953933401744 0.05110601548694677 0.025430156744706684 0.05110601548694677 0.025430156744706684 0.08943552710215683 0.006633953933401744 0.08943552710215683
6 0.031511281183658285 0.05503724744748113 0.14649981602928852 0.05503724744748113 0.14649981602928852 0.0815730631810881 0.031511281183658285 0.0815730631810881
9 0.19680730002425173 0.05602005543761472 0.2133921848577561 0.05602005543761472 0.2133921848577561 0.08943552710215683 0.19680730002425173 0.08943552710215683
9 0.21726199131890708 0.057002863427748324 0.23384687615241148 0.057002863427748324 0.23384687615241148 0.08845271911202325 0.21726199131890708 0.08845271911202325
9 0.23605819413021206 0.057985671417881884 0.2543015674470669 0.057985671417881884 0.2543015674470669 0.08746991112188963 0.23605819413021206 0.08746991112188963
9 0.4173862683098598 0.05602005543761472 0.4356296416267146 0.05602005543761472 0.4356296416267146 0.08648710313175607 0.4173862683098598 0.08648710313175607
9 0.4400522775823157 0.05602005543761472 0.4560843329213699 0.05602005543761472 0.4560843329213699 0.08746991112188966 0.4400522775823157 0.08746991112188966
9 0.46437677533812205 0.05503724744748113 0.48317297814942695 0.05503724744748113 0.48317297814942695 0.08746991112188966 0.46437677533812205 0.08746991112188966
9 0.4859371256216777 0.054054439457347545 0.5030748399496324 0.054054439457347545 0.5030748399496324 0.09041833509229044 0.4859371256216777 0.09041833509229044
9 0.4124108028598084 0.1454555825397716 0.5113672823663844 0.1454555825397716 0.5113672823663844 0.1769054382240465 0.4124108028598084 0.1769054382240465
9 0.3062675399253805 0.1415243505792372 0.39029762308180255 0.1415243505792372 0.39029762308180255 0.17493982224377932 0.3062675399253805 0.17493982224377932
9 0.2885769961029758 0.14054154258910362 0.30460905144203004 0.14054154258910362 0.30460905144203004 0.17199139827337853 0.2885769961029758 0.17199139827337853
9 0.26425249834716946 0.1425071585693708 0.2824958716640243 0.1425071585693708 0.2824958716640243 0.17395701425364576 0.26425249834716946 0.17395701425364576
9 0.23826951210801262 0.1425071585693708 0.25872420340266805 0.1425071585693708 0.25872420340266805 0.17395701425364576 0.23826951210801262 0.17395701425364576
6 0.21505067334110653 0.2771518532176729 0.32285242475888487 0.2771518532176729 0.32285242475888487 0.3017220529710126 0.21505067334110653 0.3017220529710126
9 0.529057826188789 0.1425071585693708 0.6363067481121173 0.1425071585693708 0.6363067481121173 0.1759226302339129 0.529057826188789 0.1759226302339129
2 0.985073603649846 0.004914039950667958 0.996683023033299 0.004914039950667958 0.996683023033299 0.033415471664542104 0.985073603649846 0.033415471664542104
3 0.9552208109495381 0.01081088789146951 0.9668302303329912 0.01081088789146951 0.9668302303329912 0.034398279654675706 0.9552208109495381 0.034398279654675706
4 0.9690415483107918 0.00589684794080155 0.9828622856720454 0.00589684794080155 0.9828622856720454 0.03341547166454212 0.9690415483107918 0.03341547166454212
9 0.16854444034698138 0.054054439457347545 0.1884463021471866 0.054054439457347545 0.1884463021471866 0.08845271911202325 0.16854444034698138 0.08845271911202325
9 0.2846386341815119 0.05602005543761472 0.3006706895205661 0.05602005543761472 0.3006706895205661 0.08943552710215683 0.2846386341815119 0.08943552710215683
9 0.2149821178807936 0.1415243505792372 0.23046134372539767 0.1415243505792372 0.23046134372539767 0.1778882462141801 0.2149821178807936 0.1778882462141801
9 0.19065762012498716 0.1425071585693708 0.20779533445294165 0.1425071585693708 0.20779533445294165 0.17395701425364576 0.19065762012498716 0.17395701425364576
9 0.16909726984143153 0.144472774549638 0.18402366619158544 0.144472774549638 0.18402366619158544 0.17395701425364574 0.16909726984143153 0.17395701425364574
9 0.008845271911202325 0.10122922298375993 0.03206411067810843 0.10122922298375993 0.03206411067810843 0.12776503871736694 0.008845271911202325 0.12776503871736694
9 0.005528294944501453 0.40000285198437185 0.0243244977558064 0.40000285198437185 0.0243244977558064 0.428504283698246 0.005528294944501453 0.428504283698246
9 0.044226359556011625 0.40295127595477254 0.059152755906165554 0.40295127595477254 0.059152755906165554 0.4265386677179788 0.044226359556011625 0.4265386677179788
9 0.06855085731181802 0.40295127595477254 0.08403008315642209 0.40295127595477254 0.08403008315642209 0.42850428369824595 0.06855085731181802 0.42850428369824595
9 0.08734706012312296 0.40295127595477254 0.10724892192332819 0.40295127595477254 0.10724892192332819 0.4275214757081124 0.08734706012312296 0.4275214757081124
9 0.11609419383453053 0.40196846796463903 0.1304677606902343 0.40196846796463903 0.1304677606902343 0.4265386677179788 0.11609419383453053 0.4265386677179788
9 0.1343375671513853 0.40295127595477254 0.14981679299598938 0.40295127595477254 0.14981679299598938 0.4265386677179788 0.1343375671513853 0.4265386677179788
9 0.1525809404682401 0.40295127595477254 0.16806016631284418 0.40295127595477254 0.16806016631284418 0.4275214757081124 0.1525809404682401 0.4275214757081124
9 0.1879620281130494 0.40295127595477254 0.20952237839660504 0.40295127595477254 0.20952237839660504 0.42850428369824595 0.1879620281130494 0.42850428369824595
9 0.2178148208133573 0.40295127595477254 0.23882234160246277 0.40295127595477254 0.23882234160246277 0.42850428369824595 0.2178148208133573 0.42850428369824595
9 0.2708864522805712 0.40295127595477254 0.28636567812517527 0.40295127595477254 0.28636567812517527 0.42850428369824595 0.2708864522805712 0.42850428369824595
9 0.289129825597426 0.40295127595477254 0.3095845168920814 0.40295127595477254 0.3095845168920814 0.42850428369824595 0.289129825597426 0.42850428369824595
9 0.3123486643643321 0.40196846796463903 0.3328033556589875 0.40196846796463903 0.3328033556589875 0.42850428369824595 0.3123486643643321 0.42850428369824595
9 0.3361203326256883 0.40295127595477254 0.3560221944258936 0.40295127595477254 0.3560221944258936 0.4275214757081124 0.3361203326256883 0.4275214757081124
9 0.36486746633709594 0.40098565997450536 0.3803466921817 0.40098565997450536 0.3803466921817 0.42948709168837956 0.36486746633709594 0.42948709168837956
9 0.388086305104002 0.40196846796463903 0.4041183604430562 0.40196846796463903 0.4041183604430562 0.4275214757081124 0.388086305104002 0.4275214757081124
9 0.4068825079153069 0.40098565997450536 0.422361733759911 0.40098565997450536 0.422361733759911 0.4275214757081124 0.4068825079153069 0.4275214757081124
9 0.4240202222432615 0.40196846796463903 0.4400522775823156 0.40196846796463903 0.4400522775823156 0.4275214757081124 0.4240202222432615 0.4275214757081124
9 0.45000320848241837 0.40196846796463903 0.5246351902331879 0.40196846796463903 0.5246351902331879 0.42850428369824595 0.45000320848241837 0.42850428369824595
9 0.5279521671998888 0.40196846796463903 0.5428785635500427 0.40196846796463903 0.5428785635500427 0.4275214757081124 0.5279521671998888 0.4275214757081124
9 0.5450898815278433 0.40196846796463903 0.5611219368668975 0.40196846796463903 0.5611219368668975 0.4275214757081124 0.5450898815278433 0.4275214757081124
9 0.005528294944501453 0.6211346497644299 0.02487732725025654 0.6211346497644299 0.02487732725025654 0.6486532734881705 0.005528294944501453 0.6486532734881705
6 0.12162248877903198 0.6201518417742964 0.3963787475207542 0.6201518417742964 0.3963787475207542 0.6486532734881704 0.12162248877903198 0.6486532734881704
9 0.4184919272987601 0.6201518417742964 0.437288130110065 0.6201518417742964 0.437288130110065 0.6496360814783042 0.4184919272987601 0.6496360814783042
9 0.43949944808786545 0.62113464976443 0.45718999191027015 0.62113464976443 0.45718999191027015 0.6486532734881705 0.43949944808786545 0.6486532734881705
11 0.2957637795308277 0.7164670248073883 0.3433071160535403 0.7164670248073883 0.3433071160535403 0.7430028405409953 0.2957637795308277 0.7430028405409953
11 0.1415243505792372 0.7154842168172548 0.2415864890747135 0.7154842168172548 0.2415864890747135 0.7430028405409953 0.1415243505792372 0.7430028405409953
11 0.14097152108478703 0.7479168804916633 0.21449784384665635 0.7479168804916633 0.21449784384665635 0.7744526962252702 0.14097152108478703 0.7744526962252702
11 0.24324497755806396 0.7154842168172548 0.2824958716640243 0.7154842168172548 0.2824958716640243 0.7430028405409953 0.24324497755806396 0.7430028405409953
1 0.032616940172558576 0.7823151601463391 0.04312070056711134 0.7823151601463391 0.04312070056711134 0.8019713199490108 0.032616940172558576 0.8019713199490108
1 0.032616940172558576 0.8157306318108811 0.04312070056711134 0.8157306318108811 0.04312070056711134 0.8324383676431522 0.032616940172558576 0.8324383676431522
1 0.03372259916145886 0.8471804874951562 0.042567871072661176 0.8471804874951562 0.042567871072661176 0.8638882233274271 0.03372259916145886 0.8638882233274271
