1 0.07236538082352403 0.4642614913412277 0.08270329236974175 0.4642614913412277 0.08270329236974175 0.48264000075672586 0.07236538082352403 0.48264000075672586
1 0.07236538082352405 0.4880454447024607 0.08270329236974176 0.4880454447024607 0.08270329236974176 0.508586131696253 0.07236538082352405 0.508586131696253
9 0.009121686658427398 0.23074631288548622 0.02797317241917736 0.23074631288548622 0.02797317241917736 0.2664222429273357 0.009121686658427398 0.2664222429273357
9 0.00851357421453224 0.6021664555548517 0.02918939730696768 0.6021664555548517 0.02918939730696768 0.6378423855967011 0.00851357421453224 0.6378423855967011
9 0.05837879461393536 0.6778426707951384 0.07783839281858047 0.6778426707951384 0.07783839281858047 0.7135186008369877 0.05837879461393536 0.7135186008369877
9 0.08391951725753208 0.6789237595842852 0.12344682611071749 0.6789237595842852 0.12344682611071749 0.7124375120478409 0.08391951725753208 0.7124375120478409
9 0.12952795054966906 0.6778426707951384 0.14837943631041903 0.6778426707951384 0.14837943631041903 0.7124375120478408 0.12952795054966906 0.7124375120478408
9 0.15324433586158032 0.6800048483734322 0.27486682464061224 0.6800048483734322 0.27486682464061224 0.712437512047841 0.15324433586158032 0.712437512047841
9 0.27973172419177356 0.6767615820059913 0.30040754728420904 0.6767615820059913 0.30040754728420904 0.7113564232586937 0.27973172419177356 0.7113564232586937
9 0.3052724468353703 0.6778426707951384 0.3265563823717009 0.6778426707951384 0.3265563823717009 0.7124375120478408 0.3052724468353703 0.7124375120478408
9 0.3302050570350717 0.6767615820059913 0.350272767683612 0.6767615820059913 0.350272767683612 0.7135186008369881 0.3302050570350717 0.7135186008369881
9 0.3557457796786686 0.6789237595842853 0.37459726543941857 0.6789237595842853 0.37459726543941857 0.7135186008369877 0.3557457796786686 0.7135186008369877
9 0.38007027743447497 0.6756804932168444 0.40013798808301526 0.6756804932168444 0.40013798808301526 0.7135186008369877 0.38007027743447497 0.7135186008369877
9 0.4056110000780718 0.6778426707951385 0.4238543733949266 0.6778426707951385 0.4238543733949266 0.7124375120478408 0.4056110000780718 0.7124375120478408
9 0.429327385389983 0.6789237595842853 0.45121943337020876 0.6789237595842853 0.45121943337020876 0.7135186008369877 0.429327385389983 0.7135186008369877
9 0.45486810803357963 0.6789237595842853 0.47493581868212 0.6789237595842853 0.47493581868212 0.7124375120478408 0.45486810803357963 0.7124375120478408
9 0.4798007182332812 0.6789237595842853 0.4998684288818216 0.6789237595842853 0.4998684288818216 0.7135186008369877 0.4798007182332812 0.7135186008369877
9 0.5053414408768779 0.6789237595842853 0.6306126043192809 0.6789237595842853 0.6306126043192809 0.7124375120478408 0.5053414408768779 0.7124375120478408
9 0.6373018412021277 0.6800048483734326 0.6816940496064745 0.6800048483734326 0.6816940496064745 0.7113564232586943 0.6373018412021277 0.7113564232586943
9 0.6865589491576355 0.6789237595842853 0.7072347722500711 0.6789237595842853 0.7072347722500711 0.7135186008369877 0.6865589491576355 0.7135186008369877
9 0.7114915593573372 0.6789237595842853 0.7309511575619823 0.6789237595842853 0.7309511575619823 0.7135186008369877 0.7114915593573372 0.7135186008369877
9 0.736687311793396 0.6778426707951384 0.765876709100364 0.6778426707951384 0.765876709100364 0.7124375120478409 0.736687311793396 0.7124375120478409
9 0.7695253837637346 0.6767615820059913 0.8011472308462829 0.6767615820059913 0.8011472308462829 0.7124375120478408 0.7695253837637346 0.7124375120478408
9 0.8041877930657587 0.6778426707951383 0.8352015277044118 0.6778426707951383 0.8352015277044118 0.7124375120478408 0.8041877930657587 0.7124375120478408
9 0.8400664272555731 0.6778426707951383 0.8698639370064358 0.6778426707951383 0.8698639370064358 0.7135186008369876 0.8400664272555731 0.7135186008369876
9 0.874120724113702 0.6778426707951383 0.919729157405839 0.6778426707951383 0.919729157405839 0.7124375120478408 0.874120724113702 0.7124375120478408
9 0.013986586209588682 0.1221630331736055 0.03587863418981445 0.1221630331736055 0.03587863418981445 0.16108222958289573 0.013986586209588682 0.16108222958289573
9 0.17513638384180605 0.12324412196275242 0.19824465670982214 0.12324412196275242 0.19824465670982214 0.16000114079374878 0.17513638384180605 0.16000114079374878
9 0.20432578114877373 0.12216303317360547 0.330813169478967 0.12216303317360547 0.330813169478967 0.16000114079374878 0.20432578114877373 0.16000114079374878
9 0.338110518805709 0.12324412196275239 0.36061067922982987 0.12324412196275239 0.36061067922982987 0.15892005200460174 0.338110518805709 0.15892005200460174
9 0.3666918036687815 0.12108194438445852 0.39162441386848307 0.12108194438445852 0.39162441386848307 0.16000114079374878 0.3666918036687815 0.16000114079374878
9 0.3995298756391202 0.12432521075189937 0.4311517227216684 0.12432521075189937 0.4311517227216684 0.16000114079374878 0.3995298756391202 0.16000114079374878
9 0.4384490720484104 0.12216303317360547 0.4615573449164264 0.12216303317360547 0.4615573449164264 0.16000114079374878 0.4384490720484104 0.16000114079374878
9 0.46885469424316834 0.12216303317360547 0.49317919199897475 0.12216303317360547 0.49317919199897475 0.1610822295828957 0.46885469424316834 0.1610822295828957
9 0.4986522039940314 0.1221630331736055 0.5223685893059428 0.1221630331736055 0.5223685893059428 0.1610822295828957 0.4986522039940314 0.1610822295828957
9 0.5308821635204751 0.1243252107518994 0.6342612789826523 0.1243252107518994 0.6342612789826523 0.15892005200460183 0.5308821635204751 0.15892005200460183
9 0.47371959379432965 0.19351489325730423 0.4968278666623458 0.19351489325730423 0.4968278666623458 0.2302719120883006 0.47371959379432965 0.2302719120883006
9 0.7999310059584925 0.12216303317360547 0.8230392788265086 0.12216303317360547 0.8230392788265086 0.1610822295828957 0.7999310059584925 0.1610822295828957
9 0.8309447405971457 0.12216303317360547 0.8528367885773717 0.12216303317360547 0.8528367885773717 0.16000114079374878 0.8309447405971457 0.16000114079374878
9 0.861958475235799 0.12108194438445857 0.8820261858843395 0.12108194438445857 0.8820261858843395 0.16000114079374883 0.861958475235799 0.16000114079374883
9 0.8905397600988714 0.12324412196275242 0.9136480329668877 0.12324412196275242 0.9136480329668877 0.16108222958289567 0.8905397600988714 0.16108222958289567
9 0.9203372698497341 0.12216303317360547 0.9513510044883873 0.12216303317360547 0.9513510044883873 0.1567578744263079 0.9203372698497341 0.1567578744263079
9 0.8680395996747504 0.0010810887891469516 0.8905397600988718 0.0010810887891469516 0.8905397600988718 0.03891919640929023 0.8680395996747504 0.03891919640929023
9 0.892972209874452 0.0010810887891469511 0.9136480329668877 0.0010810887891469511 0.9136480329668877 0.03891919640929024 0.892972209874452 0.03891919640929024
2 0.9732430524686131 0.0010810887891469511 0.9939188755610486 0.0010810887891469511 0.9939188755610486 0.03675701883099633 0.9732430524686131 0.03675701883099633
3 0.9245940569570004 0.0010810887891469511 0.9470942173811212 0.0010810887891469511 0.9470942173811212 0.03783810762014328 0.9245940569570004 0.03783810762014328
4 0.9489185547128066 0.0010810887891469511 0.9714187151369276 0.0010810887891469511 0.9714187151369276 0.03783810762014328 0.9489185547128066 0.03783810762014328
2 0.9221616071814196 0.30486703853944025 0.9440536551616454 0.30486703853944025 0.9440536551616454 0.34378623494873045 0.9221616071814196 0.34378623494873045
6 0.04479166666666667 0.12361111111111112 0.1661458333333333 0.12361111111111112 0.1661458333333333 0.15694444444444444 0.04479166666666667 0.15694444444444444
1 0.28645833333333337 0.2023148148148148 0.29739583333333336 0.2023148148148148 0.29739583333333336 0.2217592592592593 0.28645833333333337 0.2217592592592593
