9 0.030208333333333334 0.006481481481481481 0.0989583333333333 0.006481481481481481 0.0989583333333333 0.032407407407407406 0.030208333333333334 0.032407407407407406
9 0.1 0.007407407407407407 0.13333333333333333 0.007407407407407407 0.13333333333333333 0.032407407407407406 0.1 0.032407407407407406
9 0.134375 0.006481481481481481 0.17291666666666666 0.006481481481481481 0.17291666666666666 0.03333333333333333 0.134375 0.03333333333333333
9 0.17395833333333333 0.006481481481481481 0.22239583333333332 0.006481481481481481 0.22239583333333332 0.03148148148148148 0.17395833333333333 0.03148148148148148
9 0.22395833333333337 0.006481481481481481 0.2609375 0.006481481481481481 0.2609375 0.03148148148148148 0.22395833333333337 0.03148148148148148
9 0.014583333333333332 0.12407407407407404 0.03541666666666666 0.12407407407407404 0.03541666666666666 0.15925925925925927 0.014583333333333332 0.15925925925925927
9 0.1765625 0.12407407407407402 0.24166666666666672 0.12407407407407402 0.24166666666666672 0.15833333333333324 0.1765625 0.15833333333333324
9 0.2505208333333333 0.12407407407407404 0.32499999999999996 0.12407407407407404 0.32499999999999996 0.1592592592592593 0.2505208333333333 0.1592592592592593
9 0.33541666666666664 0.12314814814814815 0.3958333333333333 0.12314814814814815 0.3958333333333333 0.1574074074074074 0.33541666666666664 0.1574074074074074
9 0.40520833333333334 0.12314814814814815 0.4791666666666667 0.12314814814814815 0.4791666666666667 0.15833333333333333 0.40520833333333334 0.15833333333333333
9 0.49010416666666684 0.12499999999999997 0.5739583333333338 0.12499999999999997 0.5739583333333338 0.1592592592592592 0.49010416666666684 0.1592592592592592
9 0.584375 0.12407407407407404 0.6255208333333333 0.12407407407407404 0.6255208333333333 0.1583333333333333 0.584375 0.1583333333333333
9 0.8703125 0.0018518518518518517 0.8901041666666667 0.0018518518518518517 0.8901041666666667 0.03611111111111111 0.8703125 0.03611111111111111
9 0.8927083333333335 0.002777777777777778 0.9135416666666667 0.002777777777777778 0.9135416666666667 0.03518518518518519 0.8927083333333335 0.03518518518518519
9 0.8677083333333334 0.125 0.8890625000000001 0.125 0.8890625000000001 0.15925925925925927 0.8677083333333334 0.15925925925925927
9 0.8994791666666667 0.12407407407407404 0.9192708333333336 0.12407407407407404 0.9192708333333336 0.15740740740740738 0.8994791666666667 0.15740740740740738
9 0.9296875000000003 0.12407407407407404 0.9494791666666669 0.12407407407407404 0.9494791666666669 0.15740740740740738 0.9296875000000003 0.15740740740740738
2 0.9744791666666669 0.0009259259259259259 0.9932291666666668 0.0009259259259259259 0.9932291666666668 0.03611111111111111 0.9744791666666669 0.03611111111111111
3 0.9265625 0.002777777777777778 0.9463541666666667 0.002777777777777778 0.9463541666666667 0.03703703703703703 0.9265625 0.03703703703703703
4 0.9494791666666669 0.002777777777777778 0.9692708333333334 0.002777777777777778 0.9692708333333334 0.03611111111111111 0.9494791666666669 0.03611111111111111
9 0.028645833333333336 0.3805555555555556 0.0953125 0.3805555555555556 0.0953125 0.4157407407407408 0.028645833333333336 0.4157407407407408
9 0.10260416666666666 0.3805555555555556 0.2526041666666667 0.3805555555555556 0.2526041666666667 0.41481481481481486 0.10260416666666666 0.41481481481481486
9 0.25885416666666666 0.3805555555555556 0.3536458333333333 0.3805555555555556 0.3536458333333333 0.4157407407407408 0.25885416666666666 0.4157407407407408
11 0.13802083333333331 0.49166666666666664 0.21822916666666667 0.49166666666666664 0.21822916666666667 0.5240740740740741 0.13802083333333331 0.5240740740740741
9 0.23229166666666665 0.4925925925925927 0.31927083333333334 0.4925925925925927 0.31927083333333334 0.525 0.23229166666666665 0.525
9 0.2328125 0.5657407407407408 0.3182291666666666 0.5657407407407408 0.3182291666666666 0.5990740740740741 0.2328125 0.5990740740740741
9 0.13020833333333331 0.5648148148148149 0.21822916666666667 0.5648148148148149 0.21822916666666667 0.5990740740740742 0.13020833333333331 0.5990740740740742
9 0.02760416666666667 0.5648148148148149 0.11614583333333335 0.5648148148148149 0.11614583333333335 0.6000000000000001 0.02760416666666667 0.6000000000000001
9 0.0296875 0.6768518518518519 0.16302083333333334 0.6768518518518519 0.16302083333333334 0.712962962962963 0.0296875 0.712962962962963
9 0.17135416666666667 0.6768518518518519 0.25833333333333325 0.6768518518518519 0.25833333333333325 0.7101851851851853 0.17135416666666667 0.7101851851851853
9 0.2661458333333333 0.6768518518518519 0.35260416666666666 0.6768518518518519 0.35260416666666666 0.712037037037037 0.2661458333333333 0.712037037037037
9 0.7723958333333333 0.0018518518518518517 0.7927083333333332 0.0018518518518518517 0.7927083333333332 0.03611111111111111 0.7723958333333333 0.03611111111111111
9 0.7994791666666667 0.0009259259259259259 0.8619791666666667 0.0009259259259259259 0.8619791666666667 0.03611111111111111 0.7994791666666667 0.03611111111111111
6 0.04479166666666667 0.12407407407407404 0.16666666666666663 0.12407407407407404 0.16666666666666663 0.15648148148148144 0.04479166666666667 0.15648148148148144
11 0.13749999999999998 0.23425925925925928 0.203125 0.23425925925925928 0.203125 0.2657407407407407 0.13749999999999998 0.2657407407407407
11 0.13749999999999998 0.27037037037037037 0.203125 0.27037037037037037 0.203125 0.3037037037037037 0.13749999999999998 0.3037037037037037
11 0.13645833333333332 0.30648148148148147 0.20312499999999997 0.30648148148148147 0.20312499999999997 0.3398148148148148 0.13645833333333332 0.3398148148148148
11 0.20572916666666663 0.23425925925925928 0.3125 0.23425925925925928 0.3125 0.26666666666666666 0.20572916666666663 0.26666666666666666
11 0.2046875 0.2712962962962963 0.31197916666666675 0.2712962962962963 0.31197916666666675 0.3037037037037037 0.2046875 0.3037037037037037
11 0.20520833333333333 0.3083333333333333 0.3125 0.3083333333333333 0.3125 0.3398148148148148 0.20520833333333333 0.3398148148148148
